112
---STORE---
STR-1001
UrbanEase Lahore #1
Lahore
31.1068
74.7602
Mehwish Tariq
55
1001
145118
Operations
19543.7
8
Ahmed
40
5010
54223.5
Nadia
32
5011
28877.4
Tariq
43
5012
46000.9
Hina
34
5013
44307.8
Rizwan
44
5014
40643
Sana
45
5015
26061.7
Kamran
24
5016
58987.4
Ayesha
35
5017
34160.4
2.76926e+06 969203 4775
2.7778e+06 907345 3499
2.70393e+06 999010 8857
2.70239e+06 953744 3601
2.7664e+06 933249 7801
2.74612e+06 954987 6649
2.70704e+06 994370 7649
2.42348e+06 931669 4386
2.60946e+06 965496 5911
3.57735e+06 920541 9633
3.26886e+06 944882 8107
3.18316e+06 942753 5201
2.699e+06 906002 6979
2.56931e+06 911273 3630
2.52079e+06 996357 6573
2.45452e+06 915640 7053
2.91306e+06 926233 3844
2.71421e+06 964767 5286
2.56881e+06 943017 5933
2.6678e+06 939557 6410
2.55093e+06 969174 3458
3.63238e+06 909498 5689
3.58169e+06 943395 5261
2.90955e+06 964703 5930
3.01312e+06
90.2372
1
1
---STORE---
STR-1002
UrbanEase Islamabad #1
Islamabad
34.1215
73.2349
Saad Mirza
48
1002
124518
Marketing
42557.1
2
Ahmed
34
5020
26452.7
Nadia
34
5021
57566.8
543548 181005 1084
609311 180174 1287
655804 184804 2085
572725 173326 1768
579095 182787 1748
609106 187764 1804
646031 177449 932
659502 181859 1465
583747 188722 1765
939682 174598 2237
1.01246e+06 177651 2306
713249 188621 1443
669762 183367 1713
737514 172946 1936
688644 188750 2188
841734 173574 1840
713179 185800 1283
861683 190302 2428
548728 178740 1544
793983 172719 1379
615790 180762 1685
1.00318e+06 175704 1729
991986 177141 1631
796382 174859 1090
827117
89.7953
1
1
---STORE---
STR-1003
UrbanEase Faisalabad #1
Faisalabad
31.698
73.4798
Rabia Khalid
50
1003
165297
Finance
44621.4
5
Ahmed
39
5030
56800.9
Nadia
26
5031
52730.2
Tariq
39
5032
29192.5
Hina
21
5033
48585.8
Rizwan
32
5034
34202.1
1.20545e+06 504247 3697
1.29526e+06 499931 2211
1.26806e+06 470767 2747
1.19422e+06 465251 2714
1.09681e+06 481784 2256
1.2869e+06 476232 2404
1.20838e+06 509150 2224
1.35046e+06 508037 4065
1.33626e+06 465998 2633
1.66092e+06 485341 5303
1.65809e+06 493871 3360
1.50536e+06 469236 3003
1.39248e+06 507751 3691
1.36929e+06 472513 2348
1.32758e+06 506210 2660
1.23342e+06 467592 2440
1.40926e+06 497039 2898
1.16201e+06 501619 2359
1.16291e+06 512834 2773
1.33885e+06 468604 3269
1.27717e+06 491656 3987
2.06408e+06 471716 5386
1.79985e+06 492639 2304
1.49529e+06 503156 3790
1.50201e+06
86.9907
1
1
---STORE---
STR-1004
UrbanEase Rawalpindi #1
Rawalpindi
33.7303
72.8854
Imran Butt
53
1004
177452
Sales
31845.1
8
Ahmed
44
5040
42488.8
Nadia
34
5041
57324.3
Tariq
34
5042
58709.7
Hina
30
5043
41025.4
Rizwan
38
5044
31128
Sana
27
5045
31599
Kamran
43
5046
57033.8
Ayesha
20
5047
30065.2
1.71739e+06 587410 5288
2.01635e+06 590889 2918
1.97154e+06 612872 2908
2.05954e+06 595090 3031
2.02924e+06 628808 5197
1.86503e+06 606184 2678
1.78403e+06 584471 3498
1.81175e+06 641236 5595
1.97992e+06 620246 3600
2.65863e+06 619703 5767
2.29629e+06 596412 2870
2.60297e+06 640622 7776
2.12251e+06 640304 5737
1.85379e+06 604802 5143
2.12021e+06 607082 6462
1.88608e+06 581483 3106
1.97485e+06 638947 5201
2.17124e+06 627097 5503
1.81943e+06 627361 4400
1.98786e+06 624268 4540
1.80814e+06 610844 3086
2.48817e+06 597359 4408
2.66784e+06 634708 3401
2.91565e+06 631879 7349
2.90429e+06
93.4863
0
1
---STORE---
STR-1005
UrbanEase Multan #1
Multan
30.5949
71.2121
Sana Nadeem
34
1005
116611
Operations
34567.4
2
Ahmed
38
5050
51109.8
Nadia
27
5051
50838.5
1.70238e+06 693279 4712
1.55117e+06 684964 4313
1.74173e+06 674766 3394
1.80026e+06 701719 3673
1.62282e+06 722953 4656
1.7496e+06 696803 4615
1.77217e+06 717358 3184
1.76776e+06 726250 4019
1.87405e+06 703705 5610
2.50068e+06 714394 5835
2.31644e+06 729119 5989
2.04283e+06 709671 4206
1.8763e+06 677464 4690
1.51156e+06 691183 2673
1.88888e+06 703828 4638
1.79381e+06 673153 5929
1.62417e+06 706171 3614
1.75629e+06 730717 3652
1.84056e+06 675515 2621
1.85554e+06 693385 4321
1.69281e+06 715228 2835
2.38034e+06 672664 3234
2.20211e+06 683393 5583
2.56721e+06 679095 7628
2.47666e+06
93.7453
0
1
---STORE---
STR-1006
UrbanEase Karachi #2
Karachi
24.5217
66.6735
Danish Ali
53
1006
154911
Marketing
33982.7
3
Ahmed
42
5060
55601.4
Nadia
31
5061
32072.2
Tariq
36
5062
54740.4
2.66829e+06 1.59912e+06 4045
2.55819e+06 1.46476e+06 4676
2.39621e+06 1.55827e+06 5562
2.65985e+06 1.5076e+06 8809
2.72141e+06 1.54689e+06 4754
2.64168e+06 1.52081e+06 7404
2.41889e+06 1.5542e+06 3711
2.28912e+06 1.59974e+06 7229
2.44796e+06 1.58939e+06 3986
3.52977e+06 1.47455e+06 5786
3.26418e+06 1.59875e+06 8207
3.62306e+06 1.52508e+06 9857
2.64268e+06 1.57198e+06 5705
2.37116e+06 1.5263e+06 4309
2.6477e+06 1.5914e+06 5499
2.63846e+06 1.46667e+06 4237
2.70551e+06 1.51818e+06 7991
2.67162e+06 1.58996e+06 6227
2.52392e+06 1.49635e+06 6136
2.47518e+06 1.49776e+06 3402
2.92668e+06 1.59826e+06 7668
2.93678e+06 1.45975e+06 7164
3.22264e+06 1.47193e+06 7552
3.29564e+06 1.5653e+06 10089
3.33111e+06
95.0866
0
1
---STORE---
STR-1007
UrbanEase Lahore #2
Lahore
31.28
73.9307
Mehwish Tariq
38
1007
129630
Finance
27763
3
Ahmed
26
5070
38072
Nadia
24
5071
35410.2
Tariq
44
5072
33296.3
2.71965e+06 1.47365e+06 8817
3.09962e+06 1.59898e+06 5053
2.99863e+06 1.54978e+06 7543
3.12758e+06 1.51694e+06 8390
2.94755e+06 1.48332e+06 9406
2.87925e+06 1.58172e+06 8829
2.89278e+06 1.46398e+06 4258
3.02494e+06 1.47999e+06 4538
2.85981e+06 1.49962e+06 5933
4.24222e+06 1.50985e+06 5648
4.03197e+06 1.48451e+06 9561
4.16059e+06 1.542e+06 6867
2.806e+06 1.50443e+06 8532
2.78813e+06 1.47634e+06 5474
2.84247e+06 1.46756e+06 5055
2.97166e+06 1.49315e+06 5325
2.89007e+06 1.48327e+06 9042
3.13444e+06 1.55443e+06 7126
3.19987e+06 1.55627e+06 8556
3.13819e+06 1.48702e+06 7115
2.83015e+06 1.53844e+06 8470
4.05301e+06 1.5628e+06 8309
4.15891e+06 1.6017e+06 9438
3.49569e+06 1.48245e+06 5601
3.62387e+06
92.5455
1
1
---STORE---
STR-1008
UrbanEase Islamabad #2
Islamabad
34.1179
73.2905
Saad Mirza
48
1008
168856
Sales
21351.7
3
Ahmed
40
5080
39879.3
Nadia
29
5081
26541.3
Tariq
24
5082
32673.6
2.42167e+06 1.19339e+06 6831
2.51376e+06 1.10208e+06 7980
2.13892e+06 1.12616e+06 6068
2.29707e+06 1.19866e+06 7061
2.22898e+06 1.17017e+06 7245
2.26818e+06 1.17888e+06 6170
2.32098e+06 1.18005e+06 3159
2.14079e+06 1.10607e+06 3103
2.10286e+06 1.11405e+06 4010
3.05628e+06 1.09479e+06 4427
2.94181e+06 1.15586e+06 7701
3.54264e+06 1.16186e+06 4851
2.44594e+06 1.1497e+06 7224
2.35987e+06 1.19092e+06 6705
2.5479e+06 1.167e+06 4282
2.45292e+06 1.1417e+06 3367
2.18366e+06 1.11091e+06 6636
2.79631e+06 1.17173e+06 5347
2.47182e+06 1.1217e+06 7994
2.46202e+06 1.20401e+06 7324
2.56873e+06 1.16743e+06 6922
3.3281e+06 1.20791e+06 7496
3.54259e+06 1.10393e+06 6447
3.16005e+06 1.14802e+06 5037
3.25955e+06
95.3177
1
1
---STORE---
STR-1009
UrbanEase Faisalabad #2
Faisalabad
31.1981
73.3819
Rabia Khalid
46
1009
101468
Operations
43168.7
7
Ahmed
26
5090
38308.1
Nadia
26
5091
31836.1
Tariq
33
5092
57549.7
Hina
31
5093
40114.3
Rizwan
38
5094
48312.3
Sana
43
5095
45758.4
Kamran
29
5096
45236.1
2.28084e+06 763057 2991
2.22325e+06 795871 7380
2.29963e+06 754705 4653
1.94148e+06 784551 5851
2.34711e+06 756399 5861
2.19928e+06 769707 6089
2.16904e+06 774499 3411
2.22115e+06 778428 3642
1.93697e+06 786241 4998
3.12868e+06 789820 4186
2.89118e+06 779084 5497
3.07074e+06 754629 7451
2.49882e+06 779212 4291
1.96054e+06 786594 6285
2.11515e+06 780882 5557
2.10144e+06 736257 4635
2.13082e+06 760590 3240
2.14275e+06 783043 5662
1.8686e+06 746469 3305
1.85785e+06 727571 6084
2.23636e+06 749596 4620
3.26719e+06 746882 10640
3.03563e+06 740891 6493
2.60197e+06 758908 5354
2.63565e+06
90.7111
1
1
---STORE---
STR-1010
UrbanEase Rawalpindi #2
Rawalpindi
33.9357
72.638
Imran Butt
35
1010
80586
Marketing
44910.7
5
Ahmed
20
5100
36312.8
Nadia
44
5101
49099.6
Tariq
31
5102
35239.3
Hina
31
5103
53429.8
Rizwan
37
5104
38492.8
3.00601e+06 1.1901e+06 7700
2.83944e+06 1.13622e+06 4705
2.82153e+06 1.16037e+06 4487
2.51694e+06 1.1954e+06 4784
3.02838e+06 1.18331e+06 6750
2.85807e+06 1.12485e+06 4604
3.025e+06 1.16946e+06 6253
2.77513e+06 1.09386e+06 5510
2.75912e+06 1.19535e+06 4660
3.81042e+06 1.09893e+06 9126
3.54544e+06 1.18702e+06 4958
3.73525e+06 1.14939e+06 10726
3.18803e+06 1.11801e+06 4107
2.93658e+06 1.16912e+06 8086
3.03204e+06 1.19436e+06 9914
2.61521e+06 1.12777e+06 6735
2.70805e+06 1.11241e+06 4046
3.15955e+06 1.14543e+06 9972
2.65423e+06 1.10261e+06 6845
2.52274e+06 1.18867e+06 3970
3.22588e+06 1.09342e+06 6857
3.5143e+06 1.11382e+06 6148
3.89956e+06 1.1356e+06 9022
3.96705e+06 1.10577e+06 12780
4.02001e+06
94.743
0
1
---STORE---
STR-1011
UrbanEase Multan #2
Multan
29.9408
71.9136
Sana Nadeem
29
1011
180469
Finance
48729.2
8
Ahmed
42
5110
30378.1
Nadia
25
5111
54373
Tariq
20
5112
28427.7
Hina
39
5113
36856.4
Rizwan
22
5114
50763.7
Sana
25
5115
44546
Kamran
32
5116
51497.5
Ayesha
31
5117
58640.2
2.06028e+06 1.19937e+06 6465
2.07901e+06 1.19396e+06 2686
2.00604e+06 1.19436e+06 5072
2.20157e+06 1.25961e+06 5431
2.11403e+06 1.24931e+06 4770
2.13671e+06 1.22515e+06 6488
2.1708e+06 1.14775e+06 4199
2.27376e+06 1.19771e+06 3229
2.2757e+06 1.21886e+06 3925
3.12112e+06 1.25621e+06 8691
2.76277e+06 1.24555e+06 6005
2.61427e+06 1.15981e+06 7258
2.08534e+06 1.245e+06 4536
2.09591e+06 1.20927e+06 6845
2.28864e+06 1.20894e+06 4857
2.51559e+06 1.23679e+06 6326
2.2299e+06 1.21946e+06 3661
2.46998e+06 1.2543e+06 6956
2.12735e+06 1.22159e+06 4349
2.02638e+06 1.23647e+06 3816
2.21693e+06 1.21269e+06 7090
3.0258e+06 1.25342e+06 9684
2.95496e+06 1.19136e+06 4720
3.07591e+06 1.23903e+06 6024
3.04395e+06
98.3564
0
1
---STORE---
STR-1012
UrbanEase Karachi #3
Karachi
24.8229
66.9861
Danish Ali
50
1012
92089
Sales
33765.4
3
Ahmed
32
5120
29397.6
Nadia
29
5121
28726.8
Tariq
29
5122
58977.8
1.74594e+06 717914 5693
1.86419e+06 714810 2349
1.79784e+06 737416 2300
1.73268e+06 713611 4161
1.89998e+06 694436 4137
1.95844e+06 669976 3529
1.85206e+06 670523 2909
1.97701e+06 698126 2910
2.00672e+06 701658 3475
2.65476e+06 719094 6054
2.78326e+06 712707 6566
2.64879e+06 696638 8612
1.91219e+06 677580 3796
1.87671e+06 673137 2736
2.171e+06 700135 5023
1.99598e+06 687420 5795
1.70742e+06 675155 4818
1.84312e+06 675771 2868
2.13965e+06 699918 5614
1.72838e+06 712190 4304
1.94485e+06 668345 4640
2.11301e+06 702358 3481
2.34308e+06 733431 3247
2.64541e+06 711447 4332
2.63337e+06
90.7899
0
1
---STORE---
STR-1013
UrbanEase Lahore #3
Lahore
31.9672
74.7326
Mehwish Tariq
37
1013
82728.4
Operations
33032.9
2
Ahmed
21
5130
51288.2
Nadia
24
5131
58117.9
2.14818e+06 849482 3133
2.33113e+06 825513 6397
2.36609e+06 827005 3215
2.36504e+06 818905 4701
2.3122e+06 856897 5333
2.38031e+06 861833 7145
2.49288e+06 839680 5460
2.33549e+06 866974 7456
2.39583e+06 865085 4755
3.00909e+06 848075 9988
2.90169e+06 822031 8650
2.78624e+06 847138 3959
2.46453e+06 802758 3204
2.31612e+06 806897 5519
2.16079e+06 843692 2886
2.47828e+06 858907 4973
2.24227e+06 847419 3258
2.62606e+06 864563 3603
2.32993e+06 829535 3375
2.51969e+06 857680 6598
2.1611e+06 831502 4354
3.08347e+06 854920 6758
2.97437e+06 865497 5243
3.13281e+06 839061 4509
3.08822e+06
97.8392
0
1
---STORE---
STR-1014
UrbanEase Islamabad #3
Islamabad
33.3614
72.7398
Saad Mirza
28
1014
132344
Marketing
37343.4
8
Ahmed
43
5140
48448
Nadia
37
5141
57821
Tariq
21
5142
38112.6
Hina
40
5143
32794.3
Rizwan
21
5144
31297.8
Sana
35
5145
40940
Kamran
41
5146
43296.3
Ayesha
33
5147
32753.7
1.79267e+06 587565 4165
1.93419e+06 588165 5949
1.76694e+06 611435 5157
1.87385e+06 623605 4156
1.95711e+06 640029 3289
1.92025e+06 607737 3349
1.88624e+06 591688 3895
1.97253e+06 620051 5672
1.88747e+06 621485 4336
2.58076e+06 602990 5099
2.79552e+06 616574 8435
2.56053e+06 632431 8051
2.11347e+06 606989 5078
1.7628e+06 587233 4380
1.92496e+06 618952 3922
2.28855e+06 592338 7023
2.01368e+06 596888 5903
1.86226e+06 633683 3855
2.06461e+06 618380 4441
1.76368e+06 592145 2405
2.16461e+06 595945 5608
2.78805e+06 641376 8343
2.66699e+06 646236 8176
2.32286e+06 615812 5151
2.36003e+06
92.3993
1
1
---STORE---
STR-1015
UrbanEase Faisalabad #3
Faisalabad
31.1109
73.2982
Rabia Khalid
41
1015
161843
Finance
43660.7
2
Ahmed
41
5150
49111.3
Nadia
41
5151
28199.1
1.22211e+06 652032 2053
1.29414e+06 644924 2425
1.27237e+06 692967 1784
1.42988e+06 669970 4704
1.47908e+06 677746 1905
1.49732e+06 657632 3520
1.29173e+06 685896 2399
1.41953e+06 671961 2362
1.24439e+06 678046 2145
1.90235e+06 695920 5571
1.84288e+06 638775 5523
1.83405e+06 676270 4677
1.63445e+06 642048 4591
1.55227e+06 643850 4661
1.43283e+06 635715 2706
1.49038e+06 643970 2963
1.33944e+06 695548 4211
1.29478e+06 643313 3710
1.58194e+06 648708 4368
1.29349e+06 649064 3864
1.63022e+06 636374 3186
1.9316e+06 664040 5517
1.89251e+06 661595 3063
1.74953e+06 683058 2840
1.76685e+06
95.7878
1
1
---STORE---
STR-1016
UrbanEase Rawalpindi #3
Rawalpindi
33.2945
72.8499
Imran Butt
42
1016
127107
Sales
41365.7
2
Ahmed
21
5160
34592
Nadia
35
5161
56244.4
1.43893e+06 722879 4298
1.39534e+06 760666 4306
1.30936e+06 776341 2495
1.26546e+06 773312 1928
1.45773e+06 707867 3812
1.50763e+06 717507 2666
1.41385e+06 770360 4031
1.3353e+06 778829 2501
1.45512e+06 770848 4841
2.10138e+06 763418 5584
1.78743e+06 725420 2619
1.60414e+06 722317 2779
1.26171e+06 770167 4140
1.40028e+06 742944 3082
1.48263e+06 727145 3579
1.20058e+06 714392 2609
1.44098e+06 773328 4539
1.30812e+06 736095 1846
1.59219e+06 712023 2046
1.69531e+06 730278 2781
1.66741e+06 749689 3609
2.02893e+06 780125 6387
1.64301e+06 762900 2309
2.05301e+06 725153 4263
1.92035e+06
90.1557
0
1
---STORE---
STR-1017
UrbanEase Multan #3
Multan
29.7573
71.3702
Sana Nadeem
37
1017
147352
Operations
48294.6
2
Ahmed
28
5170
28271.7
Nadia
22
5171
40205.1
1.40218e+06 632601 2019
1.33158e+06 659198 2505
1.5745e+06 637389 4620
1.3812e+06 692264 2867
1.37218e+06 629903 2802
1.54882e+06 656507 4998
1.33982e+06 692282 3583
1.59851e+06 683969 4942
1.57677e+06 642646 4259
1.98455e+06 691879 5499
1.66168e+06 674365 3231
1.91521e+06 646205 5148
1.27299e+06 668439 2803
1.51299e+06 660963 2310
1.46586e+06 685725 2994
1.30405e+06 669332 3915
1.29065e+06 683901 3060
1.47421e+06 672106 3380
1.55995e+06 670329 4220
1.34662e+06 695452 1828
1.48577e+06 686679 2159
2.04313e+06 636447 3841
1.99816e+06 681501 6248
2.02705e+06 679642 5990
2.01474e+06
99.0802
1
1
---STORE---
STR-1018
UrbanEase Karachi #4
Karachi
25.3298
67.344
Danish Ali
51
1018
146140
Marketing
43538.6
2
Ahmed
45
5180
53203.4
Nadia
32
5181
59160.4
2.86488e+06 1.03901e+06 9445
2.81106e+06 1.06187e+06 5073
2.71375e+06 996688 4430
2.79056e+06 1.05981e+06 4886
3.06314e+06 1.01902e+06 6170
2.70973e+06 1.01459e+06 6502
3.08504e+06 1.05895e+06 6435
2.76371e+06 996043 7326
2.89936e+06 1.02542e+06 5775
3.94917e+06 1.03716e+06 11292
4.19777e+06 1.05016e+06 7540
3.80777e+06 1.00959e+06 10356
3.25757e+06 1.04533e+06 6387
3.35586e+06 1.01214e+06 10011
3.16111e+06 978373 6397
3.00211e+06 975086 7419
2.88308e+06 1.04855e+06 4452
2.99547e+06 995498 9206
2.87579e+06 1.01617e+06 6821
2.90672e+06 1.01495e+06 5445
2.89349e+06 1.00301e+06 8626
4.35319e+06 979601 5546
4.10797e+06 1.03402e+06 8104
3.46278e+06 1.0563e+06 4528
3.52944e+06
90.5518
1
1
---STORE---
STR-1019
UrbanEase Lahore #4
Lahore
32.0046
74.6789
Mehwish Tariq
44
1019
143554
Finance
46077.8
5
Ahmed
42
5190
57408.7
Nadia
45
5191
39533.2
Tariq
33
5192
54847.3
Hina
29
5193
50905.8
Rizwan
32
5194
27667.2
1.67976e+06 572051 3426
1.47043e+06 587154 2477
1.7768e+06 561575 3729
1.5498e+06 560259 4664
1.5701e+06 580571 5088
1.74753e+06 610824 5272
1.58249e+06 596944 3899
1.55016e+06 582698 2030
1.59046e+06 556665 2653
1.98472e+06 566032 5142
2.03335e+06 600561 3493
2.28003e+06 569184 5756
1.60723e+06 559951 2897
1.776e+06 582915 4829
1.99506e+06 585355 3444
1.76712e+06 602352 4842
1.58425e+06 568982 3605
1.62829e+06 605009 3762
1.95661e+06 609422 5302
2.02064e+06 609435 5584
1.64528e+06 584129 2590
2.0487e+06 591081 6388
2.43908e+06 601793 4568
2.01748e+06 577240 5713
2.15281e+06
91.1543
1
1
---STORE---
STR-1020
UrbanEase Islamabad #4
Islamabad
33.6026
73.5017
Saad Mirza
48
1020
149359
Sales
27449.3
8
Ahmed
22
5200
28091.2
Nadia
25
5201
56066
Tariq
39
5202
40248.9
Hina
35
5203
27876.5
Rizwan
26
5204
59991.5
Sana
43
5205
33064.5
Kamran
39
5206
52943.8
Ayesha
23
5207
59369.8
674259 378094 1545
737108 393107 1651
759376 386378 1088
697084 361136 2323
738806 369076 1424
719028 376011 952
645194 377524 951
799297 396686 1557
658589 393393 843
920116 375288 1355
959328 374451 1456
978052 364427 1745
769863 390428 1893
933953 387698 2440
864783 379594 1907
746886 392377 1751
775446 371527 2548
793829 388591 1413
761868 377814 1755
979814 364435 2112
921190 386020 2683
1.3786e+06 390474 4115
1.40489e+06 392896 4541
962757 387010 2606
1.04083e+06
83.7828
1
1
---STORE---
STR-1021
UrbanEase Faisalabad #4
Faisalabad
31.4559
72.6263
Rabia Khalid
39
1021
101270
Operations
49566.6
4
Ahmed
38
5210
26957.9
Nadia
36
5211
54726.6
Tariq
32
5212
25298
Hina
33
5213
32805
2.28359e+06 737714 4461
2.28548e+06 779120 7423
2.45404e+06 772835 7950
2.40219e+06 787697 5544
2.07906e+06 806677 3150
2.28424e+06 766640 3329
2.4787e+06 739558 7567
2.55746e+06 795803 7388
2.41733e+06 744356 3511
3.11324e+06 749363 6029
2.63758e+06 774395 7556
2.94943e+06 787575 5893
2.40406e+06 767004 7303
2.59499e+06 790032 8453
2.53083e+06 746115 3471
2.03989e+06 744286 5545
2.11387e+06 779442 3919
2.03662e+06 752308 6755
2.04968e+06 739666 5391
2.65015e+06 757285 4244
2.2312e+06 758690 2900
3.63197e+06 780433 7012
2.76601e+06 762095 7168
3.19428e+06 741949 7269
2.97857e+06
88.9432
1
1
---STORE---
STR-1022
UrbanEase Rawalpindi #4
Rawalpindi
33.5022
72.768
Imran Butt
36
1022
94839.3
Marketing
23027.7
2
Ahmed
44
5220
36506.1
Nadia
24
5221
49725.5
1.45808e+06 774357 3930
1.52192e+06 765612 2085
1.36171e+06 791333 3080
1.38018e+06 801041 3891
1.60239e+06 768624 4630
1.55153e+06 797167 4912
1.34552e+06 793866 1834
1.51602e+06 737531 2918
1.41873e+06 751979 3851
2.0759e+06 748528 3757
1.74425e+06 766306 3049
1.82923e+06 801116 2736
1.64534e+06 760416 3552
1.39872e+06 764760 2128
1.4732e+06 792675 4318
1.36485e+06 743052 2470
1.51419e+06 735609 2204
1.71525e+06 775196 2908
1.42454e+06 773488 4016
1.49425e+06 805387 3907
1.54209e+06 746118 3970
2.22723e+06 799117 3736
1.73714e+06 792426 3487
1.73177e+06 750617 5663
1.65099e+06
87.7652
1
1
---STORE---
STR-1023
UrbanEase Multan #4
Multan
30.4583
71.3099
Sana Nadeem
34
1023
129711
Finance
38733.8
4
Ahmed
31
5230
29932.7
Nadia
44
5231
25708.2
Tariq
38
5232
25961.3
Hina
26
5233
31019
1.36907e+06 761453 4403
1.27556e+06 778799 2860
1.21257e+06 783840 2208
1.37451e+06 754570 3198
1.39741e+06 756054 4507
1.3336e+06 769756 2961
1.20764e+06 764053 3737
1.24056e+06 778642 3575
1.30024e+06 757327 3277
1.63217e+06 779596 5255
1.80095e+06 732963 4398
1.81672e+06 762275 4015
1.52692e+06 762513 4437
1.46391e+06 780025 2939
1.35907e+06 764541 1890
1.44103e+06 764913 2405
1.54174e+06 775687 3517
1.39978e+06 748891 2153
1.63991e+06 744709 3869
1.61776e+06 773725 3293
1.61041e+06 763688 3705
2.1659e+06 789172 3222
1.59775e+06 762586 2460
2.24535e+06 769517 2978
2.04272e+06
85.6023
0
1
---STORE---
STR-1024
UrbanEase Karachi #5
Karachi
24.8953
67.1572
Danish Ali
55
1024
133267
Sales
34127.9
2
Ahmed
35
5240
59702
Nadia
44
5241
46714.4
2.44357e+06 914624 4647
2.56497e+06 966853 6135
2.68458e+06 998187 8287
2.58352e+06 980027 7289
2.46192e+06 999151 5046
2.59347e+06 912587 7976
2.75255e+06 982134 8454
2.55828e+06 929534 6590
2.78858e+06 935014 5088
3.37933e+06 965027 9372
3.23973e+06 944186 7027
3.40444e+06 954259 6499
2.94237e+06 928628 7975
2.72723e+06 962881 5124
2.63757e+06 974280 7202
2.8226e+06 950707 3908
2.62027e+06 916296 5464
2.71544e+06 973588 7212
2.88645e+06 934319 9004
2.55999e+06 918655 4519
2.80305e+06 998315 5569
4.01572e+06 935438 10556
3.64436e+06 973523 8279
3.29767e+06 944403 8511
3.29356e+06
91.9728
1
1
---STORE---
STR-1025
UrbanEase Lahore #5
Lahore
31.5927
74.0875
Mehwish Tariq
53
1025
152549
Operations
32801
5
Ahmed
28
5250
33455.5
Nadia
26
5251
59588.8
Tariq
30
5252
46993.2
Hina
26
5253
43707.5
Rizwan
44
5254
51772.1
1.64242e+06 956504 3203
1.53696e+06 931759 3341
1.51999e+06 985331 2652
1.72295e+06 1.00149e+06 3252
1.7203e+06 949027 2322
1.59429e+06 938269 4203
1.55445e+06 910945 2487
1.63085e+06 947559 3003
1.71623e+06 926163 5642
2.17441e+06 928321 4208
1.92704e+06 954946 4210
2.30628e+06 959185 2949
1.54754e+06 925666 2478
1.43246e+06 921200 4048
1.8235e+06 966502 5098
1.5728e+06 923249 2517
1.93799e+06 956233 4555
1.65172e+06 988436 4308
1.68578e+06 960018 5585
1.73932e+06 972247 5727
1.56641e+06 924231 3024
2.38281e+06 948866 5674
2.49444e+06 979792 5937
2.45762e+06 921299 3952
2.48237e+06
98.1004
0
1
---STORE---
STR-1026
UrbanEase Islamabad #5
Islamabad
33.9758
72.6239
Saad Mirza
32
1026
128327
Marketing
26565.4
8
Ahmed
40
5260
28147.8
Nadia
36
5261
33550.5
Tariq
24
5262
38268.5
Hina
42
5263
26421.7
Rizwan
27
5264
48634.9
Sana
35
5265
36020.1
Kamran
22
5266
47022
Ayesha
25
5267
36982.5
1.60215e+06 982462 3940
1.69769e+06 1.00259e+06 5358
1.66496e+06 1.01946e+06 4870
1.68589e+06 1.03574e+06 5412
1.643e+06 1.06001e+06 5367
1.6148e+06 1.05238e+06 4865
1.89504e+06 1.01801e+06 3895
1.80613e+06 1.04944e+06 3829
1.62042e+06 967170 5060
2.08121e+06 1.01157e+06 5759
2.27248e+06 961333 5653
2.13271e+06 1.04268e+06 2890
1.76061e+06 1.03684e+06 5121
1.98616e+06 961348 4261
1.54125e+06 1.00938e+06 3892
2.06499e+06 1.04696e+06 3960
1.78018e+06 968339 4744
1.96847e+06 1.02311e+06 3158
1.98347e+06 968339 4094
1.58251e+06 993182 4907
1.54965e+06 1.04515e+06 3385
2.47457e+06 981623 5552
2.1794e+06 1.0267e+06 5705
2.32953e+06 1.0088e+06 4353
2.25531e+06
94.8231
1
1
---STORE---
STR-1027
UrbanEase Faisalabad #5
Faisalabad
31.5771
73.327
Rabia Khalid
44
1027
88163.1
Finance
35878.5
6
Ahmed
20
5270
51352.3
Nadia
42
5271
31554.2
Tariq
32
5272
53737.4
Hina
29
5273
29445.6
Rizwan
37
5274
26305.3
Sana
29
5275
34894.3
2.5906e+06 1.04124e+06 7569
2.45415e+06 1.08733e+06 7599
2.51143e+06 1.00804e+06 6471
2.283e+06 991161 5810
2.18918e+06 1.03002e+06 6895
2.29451e+06 999802 7319
2.305e+06 1.05729e+06 6036
2.46714e+06 1.03865e+06 6142
2.22396e+06 1.02076e+06 5311
2.71901e+06 990410 8453
3.35449e+06 1.04106e+06 6456
3.15213e+06 1.05642e+06 8756
2.46305e+06 991883 4699
2.81962e+06 1.0029e+06 5272
2.72939e+06 1.08788e+06 6807
2.63407e+06 1.03686e+06 4702
2.67427e+06 1.0251e+06 4527
2.60477e+06 1.07842e+06 3486
2.5974e+06 1.06799e+06 7566
2.75815e+06 1.06843e+06 4849
2.31924e+06 1.02731e+06 3008
3.17508e+06 990162 8940
3.44472e+06 1.00214e+06 9471
3.38881e+06 1.0092e+06 5865
3.44307e+06
96.5171
0
1
---STORE---
STR-1028
UrbanEase Rawalpindi #5
Rawalpindi
33.8038
73.246
Imran Butt
49
1028
185692
Sales
19436.3
8
Ahmed
31
5280
26934.4
Nadia
39
5281
54198.9
Tariq
37
5282
39514
Hina
24
5283
38363.6
Rizwan
22
5284
35264.9
Sana
27
5285
26349.1
Kamran
21
5286
49656.1
Ayesha
35
5287
27168.3
970428 494013 1373
968840 512174 1634
920559 480798 2695
953664 475301 1978
1.15289e+06 493237 1885
1.10595e+06 466754 3569
1.09968e+06 465565 1883
952716 505809 2426
1.02486e+06 479245 1460
1.43643e+06 493586 4081
1.49848e+06 506229 2301
1.35025e+06 466338 3979
977793 466341 2932
1.16989e+06 492482 2119
1.07718e+06 466520 1433
1.03757e+06 477972 2979
1.1047e+06 499234 3663
1.25266e+06 486968 1797
1.25972e+06 511063 2014
1.09839e+06 479212 2644
1.41282e+06 466004 3885
1.60488e+06 476731 3423
1.48168e+06 492528 3717
1.36931e+06 480629 3880
1.36751e+06
93.5228
1
1
---STORE---
STR-1029
UrbanEase Multan #5
Multan
30.4509
71.5916
Sana Nadeem
47
1029
110971
Operations
10965.6
4
Ahmed
41
5290
26619.3
Nadia
40
5291
40870.5
Tariq
25
5292
45411.2
Hina
36
5293
56360.8
2.23514e+06 972571 3052
2.13698e+06 921631 2747
2.01031e+06 920080 5064
2.0791e+06 993127 5473
1.89933e+06 968824 2855
2.01432e+06 931205 4718
1.98128e+06 932593 6432
2.19526e+06 996997 7062
2.25177e+06 962909 5490
2.47578e+06 935396 6976
2.70166e+06 990740 7377
2.4111e+06 909496 7430
2.05575e+06 986529 6172
2.06629e+06 921006 4251
2.11459e+06 925562 6635
2.47673e+06 925221 6817
2.07055e+06 915022 5314
1.88254e+06 978421 5149
2.08928e+06 909557 2614
2.18033e+06 961759 4876
1.8955e+06 985702 2808
2.52194e+06 986687 5773
2.51127e+06 932709 8207
3.11717e+06 962547 8894
3.01441e+06
89.5781
0
1
---STORE---
STR-1030
UrbanEase Karachi #6
Karachi
24.5287
67.2071
Danish Ali
39
1030
188977
Marketing
47849.1
3
Ahmed
35
5300
27999.4
Nadia
32
5301
47749.4
Tariq
23
5302
41969.7
1.06626e+06 558836 1930
1.03003e+06 568127 2871
1.1321e+06 559780 1913
1.04226e+06 585716 1709
1.1995e+06 573910 2202
1.14016e+06 590449 3438
1.0211e+06 567264 1368
1.0022e+06 570843 2043
1.11763e+06 599135 3251
1.2877e+06 591961 3687
1.3674e+06 594309 4148
1.61844e+06 571941 5216
1.11932e+06 583978 2697
1.17499e+06 558766 2599
1.08483e+06 582533 2090
943130 568890 2123
1.10694e+06 604188 1791
943667 600968 1750
1.03675e+06 606789 1430
1.19441e+06 615977 2361
1.15174e+06 584601 3258
1.79103e+06 607877 2765
1.42701e+06 578708 3306
1.60114e+06 581650 2807
1.51145e+06
90.746
1
1
---STORE---
STR-1031
UrbanEase Lahore #6
Lahore
31.731
74.346
Mehwish Tariq
45
1031
193624
Finance
41442.6
2
Ahmed
23
5310
41558.4
Nadia
26
5311
46873.5
2.67236e+06 1.39778e+06 7117
2.65076e+06 1.47108e+06 5620
2.49289e+06 1.49221e+06 7241
2.45935e+06 1.38378e+06 7400
2.65272e+06 1.46592e+06 3902
2.88681e+06 1.46052e+06 7234
2.64047e+06 1.36042e+06 6842
2.53937e+06 1.39599e+06 7980
2.85204e+06 1.38778e+06 7866
3.61404e+06 1.39326e+06 8670
3.81116e+06 1.44058e+06 7501
3.56609e+06 1.37869e+06 7368
2.51846e+06 1.44784e+06 6563
2.81035e+06 1.47248e+06 4026
2.64233e+06 1.35114e+06 4058
2.83657e+06 1.45468e+06 4345
2.80657e+06 1.44817e+06 5031
2.98844e+06 1.45861e+06 7534
2.79911e+06 1.48827e+06 9216
2.64823e+06 1.44119e+06 8534
2.56524e+06 1.35894e+06 3219
3.72603e+06 1.47231e+06 9422
3.40828e+06 1.48568e+06 8573
3.68434e+06 1.41987e+06 8917
3.58537e+06
96.0903
1
1
---STORE---
STR-1032
UrbanEase Islamabad #6
Islamabad
34.1106
72.9453
Saad Mirza
53
1032
103193
Sales
26079.6
8
Ahmed
42
5320
52270.9
Nadia
20
5321
27719.5
Tariq
20
5322
31987.8
Hina
45
5323
28712.9
Rizwan
36
5324
45797.9
Sana
25
5325
39610.1
Kamran
24
5326
53365.7
Ayesha
42
5327
32824.2
524646 294282 1075
484670 284716 934
508411 286726 1295
545064 287328 749
480882 285965 1004
468816 301164 786
606620 283859 1829
525436 294551 809
490324 298159 1174
751350 294318 1818
822824 279392 2545
723074 298501 1773
510660 281851 1362
660017 281187 1972
647773 286653 1971
505390 289649 1356
755220 286144 1399
714520 297768 1714
657169 291624 827
667403 301465 896
474200 282188 1266
601837 278822 782
870408 282306 2888
717176 285734 2343
787476
84.9265
0
1
---STORE---
STR-1033
UrbanEase Faisalabad #6
Faisalabad
30.9275
73.4708
Rabia Khalid
29
1033
109250
Operations
11345.3
5
Ahmed
23
5330
53747.1
Nadia
36
5331
52530.4
Tariq
24
5332
53112.6
Hina
21
5333
56799.8
Rizwan
38
5334
37252.7
2.41968e+06 1.37186e+06 4373
2.7941e+06 1.42593e+06 7328
2.34747e+06 1.38613e+06 4545
2.52969e+06 1.3915e+06 5210
2.38249e+06 1.41023e+06 3061
2.73589e+06 1.41824e+06 6283
2.50209e+06 1.40345e+06 8182
2.72715e+06 1.37142e+06 4677
2.39736e+06 1.32236e+06 7848
3.49099e+06 1.40138e+06 11112
3.53708e+06 1.36354e+06 6393
3.22003e+06 1.42987e+06 4808
2.45074e+06 1.38542e+06 6008
2.71075e+06 1.42212e+06 6406
2.6778e+06 1.30344e+06 5008
2.4152e+06 1.377e+06 7602
2.42681e+06 1.43338e+06 4893
2.50998e+06 1.38741e+06 7944
2.63078e+06 1.30228e+06 7965
2.51855e+06 1.36052e+06 8204
2.53994e+06 1.35762e+06 7875
3.85634e+06 1.32075e+06 10344
2.97942e+06 1.38939e+06 7453
3.07211e+06 1.34081e+06 4529
2.9105e+06
88.0894
1
1
---STORE---
STR-1034
UrbanEase Rawalpindi #6
Rawalpindi
33.1902
72.909
Imran Butt
50
1034
130143
Marketing
37797.5
8
Ahmed
31
5340
50906.9
Nadia
34
5341
55789.4
Tariq
39
5342
39470.2
Hina
24
5343
45417.6
Rizwan
21
5344
31249.7
Sana
20
5345
26885.3
Kamran
30
5346
57567.8
Ayesha
42
5347
52854.1
1.09807e+06 464931 2007
1.15771e+06 439627 1826
1.06974e+06 482092 2067
1.1288e+06 466612 1845
1.19683e+06 439480 3566
1.24574e+06 469505 2719
1.26787e+06 476606 3778
1.14638e+06 455538 3603
1.19888e+06 472796 1903
1.55789e+06 447261 4590
1.46544e+06 469761 3713
1.58542e+06 482537 3947
1.07593e+06 475422 2128
1.23126e+06 459831 3067
1.20847e+06 482334 1912
1.29692e+06 468526 3495
1.23965e+06 446146 3094
1.48763e+06 446489 2260
1.14133e+06 483811 1790
1.25509e+06 481452 4039
1.30192e+06 452026 2181
1.76769e+06 454626 3409
1.55614e+06 469520 2897
1.73196e+06 445285 3662
1.6674e+06
94.5136
1
1
---STORE---
STR-1035
UrbanEase Multan #6
Multan
30.3776
71.6999
Sana Nadeem
29
1035
117721
Finance
15394.5
3
Ahmed
32
5350
39735.1
Nadia
35
5351
38406.3
Tariq
45
5352
37957.7
1.48363e+06 620787 3850
1.50527e+06 612948 1979
1.58369e+06 652287 3829
1.65882e+06 645209 2336
1.58491e+06 612779 5274
1.44988e+06 608994 4515
1.5082e+06 603692 2632
1.57328e+06 612048 4112
1.72562e+06 637043 3649
2.0172e+06 614017 6485
2.30503e+06 637645 5132
1.93022e+06 631198 5410
1.71707e+06 595100 2821
1.43785e+06 618149 4704
1.78479e+06 645063 4388
1.58387e+06 646482 4717
1.60307e+06 633407 4827
1.58532e+06 613430 2242
1.6953e+06 622912 5162
1.45637e+06 627056 4715
1.49159e+06 608732 4581
2.21289e+06 629206 5259
2.13299e+06 627660 6779
2.09639e+06 613571 5763
2.08918e+06
97.7348
1
1
---STORE---
STR-1036
UrbanEase Karachi #7
Karachi
24.7096
67.2553
Danish Ali
30
1036
141723
Sales
48773.2
5
Ahmed
21
5360
26728.3
Nadia
42
5361
31330.9
Tariq
36
5362
46719.7
Hina
36
5363
39132.7
Rizwan
29
5364
44688.1
675027 210102 2042
616577 211179 1184
688163 209246 1338
601808 221948 977
588919 215556 1250
765247 205397 1337
589799 204864 1177
651703 204166 1301
806119 221942 2518
868315 222432 1999
1.06919e+06 202319 1641
839587 208121 2699
861144 220072 2438
718000 211952 1218
855791 210600 1279
665303 206551 1121
829036 220595 1455
795308 205809 2281
859521 213066 2083
813019 218167 2096
885105 208479 1277
1.16515e+06 221389 3769
1.04581e+06 206863 3285
1.32366e+06 203784 1823
1.25746e+06
90.3406
0
1
---STORE---
STR-1037
UrbanEase Lahore #7
Lahore
31.6402
74.5616
Mehwish Tariq
32
1037
118340
Operations
42588.9
8
Ahmed
22
5370
47182.2
Nadia
27
5371
49683.8
Tariq
30
5372
41062.8
Hina
34
5373
47082.9
Rizwan
23
5374
32969.5
Sana
42
5375
59835.5
Kamran
37
5376
28026.1
Ayesha
20
5377
27589.2
816076 370210 2329
892550 359956 1427
931337 357768 2103
856945 352694 1853
864649 375265 2393
787163 353339 1464
899099 356379 2194
797877 354130 1242
800819 366047 1524
1.27495e+06 359283 3183
1.03806e+06 368177 2350
1.1855e+06 352756 3201
902061 383248 2403
1.02403e+06 383931 1424
817390 360011 1131
957521 361141 3176
1.05074e+06 376807 1361
857460 355558 2356
790072 381507 2163
930340 359764 1337
744866 386539 2096
1.1424e+06 383731 2275
1.26296e+06 361737 2045
1.06924e+06 377268 1365
1.12162e+06
93.1038
1
1
---STORE---
STR-1038
UrbanEase Islamabad #7
Islamabad
33.5342
73.0374
Saad Mirza
37
1038
156581
Marketing
42217.8
2
Ahmed
32
5380
32453.5
Nadia
20
5381
26342.7
1.15408e+06 399200 2323
1.25203e+06 385994 3729
1.18103e+06 389608 2631
1.16058e+06 377187 3641
1.15451e+06 379693 1766
1.22177e+06 380637 1768
1.22294e+06 392706 2032
1.12997e+06 386872 1908
1.301e+06 392057 3185
1.72972e+06 404256 5730
1.61165e+06 381605 2229
2.01195e+06 378425 5662
1.30758e+06 413715 3248
1.22526e+06 384655 3745
1.4628e+06 385363 3124
1.50884e+06 378737 3322
1.32632e+06 387093 3108
1.29205e+06 390825 2598
1.58845e+06 376895 3253
1.414e+06 404707 2427
1.34378e+06 378782 1883
1.81857e+06 415166 3503
1.86738e+06 415130 4666
1.72929e+06 409431 3119
1.76044e+06
96.8324
1
1
---STORE---
STR-1039
UrbanEase Faisalabad #7
Faisalabad
31.0002
73.3568
Rabia Khalid
41
1039
93308.5
Finance
30227.7
5
Ahmed
44
5390
41098.1
Nadia
30
5391
36469.8
Tariq
42
5392
49930.6
Hina
44
5393
42165.1
Rizwan
31
5394
47589.2
775262 288802 1076
746411 267142 1548
839312 276531 2082
854954 275449 1074
779582 289756 1017
793669 289614 1337
740679 267682 1286
829515 281242 1264
742181 290971 1300
1.07488e+06 292866 2803
1.1514e+06 279671 2011
973186 276845 3041
824864 292672 2076
717196 284499 2063
952508 267908 1404
1.04404e+06 278337 1426
944873 275552 1614
761972 267132 1872
801225 290988 1398
745395 275342 1429
986612 284978 1885
1.08909e+06 274953 2022
1.37647e+06 293711 4337
1.35003e+06 277010 4299
1.40233e+06
89.803
0
1
---STORE---
STR-1040
UrbanEase Rawalpindi #7
Rawalpindi
34.0868
72.7588
Imran Butt
30
1040
149655
Sales
27501.8
8
Ahmed
40
5400
43740.7
Nadia
30
5401
32919.2
Tariq
20
5402
25117.5
Hina
42
5403
26906.6
Rizwan
34
5404
32176.9
Sana
39
5405
37481.3
Kamran
42
5406
29494.8
Ayesha
42
5407
56105.5
1.31038e+06 717739 2616
1.27244e+06 725032 3404
1.38304e+06 733092 1803
1.33432e+06 757494 1700
1.30298e+06 744626 1818
1.51136e+06 733324 4880
1.45661e+06 746854 2392
1.53489e+06 731785 3527
1.57515e+06 749576 3248
1.99979e+06 757212 2701
1.84615e+06 749472 5806
1.61399e+06 727205 3583
1.65652e+06 710193 2146
1.41771e+06 704711 3094
1.41125e+06 736250 1927
1.70115e+06 759629 3845
1.48573e+06 748596 4499
1.59145e+06 742834 4374
1.29032e+06 771427 2922
1.61409e+06 756855 5223
1.49395e+06 762347 2914
1.88833e+06 719488 4946
2.22594e+06 710243 7032
1.63593e+06 729359 2979
1.79053e+06
87.3897
1
1
---STORE---
STR-1041
UrbanEase Multan #7
Multan
30.568
71.3326
Sana Nadeem
48
1041
112162
Operations
32382.3
4
Ahmed
38
5410
40068.4
Nadia
35
5411
43601.8
Tariq
24
5412
29705.2
Hina
36
5413
57291.2
1.20645e+06 712935 2848
1.16048e+06 657880 2065
1.33699e+06 691746 4399
1.19346e+06 675414 2075
1.30332e+06 683731 3942
1.31344e+06 653405 1673
1.38246e+06 689769 3184
1.1883e+06 660170 2809
1.17502e+06 691056 3094
1.72358e+06 670106 4231
1.75849e+06 677591 2912
1.76879e+06 680242 5351
1.15403e+06 657457 1812
1.18556e+06 701410 3343
1.34255e+06 716458 4296
1.30385e+06 687537 4194
1.08355e+06 694623 2908
1.30292e+06 676094 2265
1.35329e+06 673244 3326
1.14888e+06 673355 3021
1.3189e+06 714902 4136
1.91713e+06 654936 3352
2.00124e+06 676217 3399
1.75002e+06 655444 2728
1.80591e+06
94.4742
1
1
---STORE---
STR-1042
UrbanEase Karachi #8
Karachi
25.139
66.8125
Danish Ali
28
1042
164352
Marketing
13991.8
6
Ahmed
38
5420
31504
Nadia
45
5421
38532.4
Tariq
31
5422
55590.7
Hina
33
5423
49980.8
Rizwan
24
5424
36839.4
Sana
23
5425
41060.7
745859 367693 1654
744365 349484 1537
734287 371470 1689
747785 374944 1558
815826 365673 2278
742105 349826 2141
797050 349633 2625
692051 365729 2221
701364 349914 2107
834225 360677 2356
1.05249e+06 343101 1796
1.10387e+06 375185 3413
713168 361676 1420
779206 360414 2345
880556 373833 2189
1.03513e+06 343126 1799
715669 352288 1514
761234 359903 1680
972555 349675 2751
1.02014e+06 341828 1569
1.04282e+06 369379 2252
1.12607e+06 357504 3711
1.15542e+06 366712 1446
1.11377e+06 355599 3511
1.1256e+06
98.4559
1
1
---STORE---
STR-1043
UrbanEase Lahore #8
Lahore
31.1655
74.3111
Mehwish Tariq
53
1043
141163
Finance
35434.1
5
Ahmed
45
5430
55360
Nadia
38
5431
36182.4
Tariq
21
5432
30232.9
Hina
39
5433
36622.5
Rizwan
29
5434
30482.8
793792 345374 1888
923662 344970 1548
891033 331230 1766
855091 332364 2511
911669 337019 2960
820912 342927 2113
787171 342203 2457
1.0125e+06 356635 1745
895450 342691 2598
1.22623e+06 357077 3082
1.15593e+06 328334 2955
1.19102e+06 359996 3220
886413 339539 2230
907603 330024 2171
792330 361134 1991
966134 350803 1782
1.03933e+06 343155 3232
1.03664e+06 348681 2127
1.09505e+06 336161 3015
950086 355820 2432
828048 341389 1546
1.3368e+06 333075 1685
1.31103e+06 361882 4278
1.56969e+06 354711 3805
1.52229e+06
91.7248
0
1
---STORE---
STR-1044
UrbanEase Islamabad #8
Islamabad
34.0144
72.9402
Saad Mirza
52
1044
195975
Sales
39245.3
3
Ahmed
27
5440
44332.4
Nadia
26
5441
53689.4
Tariq
20
5442
43576.2
1.42068e+06 659419 4387
1.45661e+06 605886 4320
1.39873e+06 628999 4373
1.6132e+06 632092 3497
1.62305e+06 663231 3812
1.63889e+06 624622 4776
1.46085e+06 635566 3112
1.44279e+06 642190 3656
1.69595e+06 621368 3332
1.93188e+06 620352 4917
1.96546e+06 654324 4789
2.24485e+06 611709 3169
1.66374e+06 603096 2251
1.59355e+06 643770 3215
1.58034e+06 619626 3992
1.69693e+06 662507 2306
1.43714e+06 639166 3502
1.54479e+06 638511 4129
1.44142e+06 646806 4804
1.58846e+06 607795 2709
1.87723e+06 640263 3658
2.15476e+06 641772 5101
2.19036e+06 649638 6326
2.08779e+06 651032 5950
2.11082e+06
98.017
1
1
---STORE---
STR-1045
UrbanEase Faisalabad #8
Faisalabad
31.6437
73.0506
Rabia Khalid
36
1045
193943
Operations
43795
6
Ahmed
21
5450
36644.9
Nadia
45
5451
49538.6
Tariq
25
5452
26385.4
Hina
30
5453
54521.5
Rizwan
32
5454
54792.8
Sana
24
5455
42230.3
2.83722e+06 923604 5962
2.55358e+06 919082 8417
2.66966e+06 965592 5978
2.87917e+06 922595 5122
2.87952e+06 929700 4876
2.884e+06 903336 8084
2.66817e+06 895502 4642
2.65144e+06 932655 6560
2.66752e+06 937760 4560
3.71807e+06 926767 11228
3.68068e+06 895344 6138
3.74442e+06 881629 6674
2.7954e+06 965657 8569
2.81327e+06 920414 6373
2.77911e+06 895620 7557
3.17914e+06 949725 9242
2.95495e+06 894834 7777
2.87744e+06 888951 4208
2.93383e+06 897572 7198
2.7087e+06 885309 4985
2.90456e+06 967307 4844
3.38348e+06 928987 8098
3.91363e+06 960608 7904
3.58575e+06 944043 6240
3.72875e+06
93.9782
0
1
---STORE---
STR-1046
UrbanEase Rawalpindi #8
Rawalpindi
33.9553
73.4301
Imran Butt
39
1046
177324
Marketing
37262.8
5
Ahmed
21
5460
26741.1
Nadia
24
5461
47905.4
Tariq
29
5462
47901.1
Hina
37
5463
42699.2
Rizwan
32
5464
36480.5
2.07643e+06 881211 3494
2.01352e+06 868058 5717
2.02775e+06 891133 3867
1.75506e+06 872150 2461
1.86148e+06 896829 3523
1.7793e+06 881586 5617
2.00797e+06 936611 3960
2.19683e+06 905538 2978
1.94424e+06 920618 6352
2.8576e+06 875908 8026
2.87308e+06 898275 9516
2.51309e+06 882824 3788
1.84973e+06 882315 2404
2.23191e+06 882739 5599
2.25515e+06 904428 5596
2.0041e+06 888512 2933
2.1156e+06 935132 4827
2.00111e+06 940088 6500
1.80152e+06 853000 4275
1.9466e+06 854479 2562
2.00176e+06 884130 3494
2.17544e+06 938885 5932
2.24984e+06 877483 6900
2.68255e+06 867006 7737
2.62283e+06
90.5629
0
1
---STORE---
STR-1047
UrbanEase Multan #8
Multan
29.8293
71.8249
Sana Nadeem
45
1047
170003
Finance
10927.8
5
Ahmed
23
5470
32807.1
Nadia
33
5471
55900.4
Tariq
38
5472
32441.8
Hina
35
5473
39389
Rizwan
29
5474
47231.4
2.91822e+06 1.35028e+06 5776
2.58377e+06 1.28372e+06 5397
2.54487e+06 1.29804e+06 3411
2.49633e+06 1.22296e+06 4531
2.60576e+06 1.25559e+06 7329
2.48386e+06 1.3341e+06 3359
2.77019e+06 1.31108e+06 8185
2.73894e+06 1.28706e+06 3431
2.72989e+06 1.27146e+06 8670
3.906e+06 1.22951e+06 10944
3.19693e+06 1.24404e+06 5913
3.87022e+06 1.28852e+06 9567
2.54846e+06 1.31513e+06 6531
2.61055e+06 1.22955e+06 6621
3.05278e+06 1.29459e+06 9357
2.78801e+06 1.25531e+06 8361
2.57092e+06 1.32047e+06 7458
2.82666e+06 1.27375e+06 8035
2.72684e+06 1.2747e+06 3752
2.64573e+06 1.2802e+06 4068
2.69416e+06 1.23042e+06 6710
3.08473e+06 1.30346e+06 9458
3.88529e+06 1.35027e+06 6396
3.30102e+06 1.30926e+06 5876
3.53182e+06
90.1235
0
1
---STORE---
STR-1048
UrbanEase Karachi #9
Karachi
25.2375
67.4943
Danish Ali
34
1048
171863
Sales
48973.4
2
Ahmed
39
5480
52402.3
Nadia
34
5481
40062
2.43532e+06 933226 6071
2.16416e+06 917395 6494
2.16707e+06 951833 2785
2.40654e+06 922247 4223
2.44451e+06 925637 3851
2.10105e+06 945268 5035
2.3282e+06 869467 4474
2.2324e+06 879716 6278
2.21106e+06 918568 3237
3.1308e+06 882412 6295
3.16476e+06 916313 4154
3.22497e+06 915114 4322
2.10433e+06 876522 5288
2.4158e+06 864375 3408
2.38098e+06 919296 4145
2.09816e+06 899840 2657
2.24499e+06 940610 3841
2.46611e+06 877524 5141
2.46653e+06 898998 6373
2.33198e+06 920567 3974
2.20358e+06 941659 3153
3.12296e+06 941745 5306
2.83811e+06 937795 4597
2.97605e+06 907907 7658
2.90558e+06
96.0958
1
1
---STORE---
STR-1049
UrbanEase Lahore #9
Lahore
31.9232
74.6313
Mehwish Tariq
35
1049
91986.4
Operations
23458.7
6
Ahmed
32
5490
38982.1
Nadia
26
5491
54327.1
Tariq
34
5492
47662.9
Hina
25
5493
49398.6
Rizwan
25
5494
56683.4
Sana
45
5495
49038.7
1.49142e+06 620028 4521
1.40216e+06 617027 3042
1.42096e+06 578190 2065
1.30757e+06 608499 3134
1.39774e+06 569107 2042
1.45726e+06 594723 3188
1.52191e+06 569240 3813
1.60448e+06 621895 3092
1.4491e+06 615268 4191
1.64507e+06 613755 4546
1.61702e+06 617092 3992
1.84479e+06 576594 4355
1.39852e+06 580197 4556
1.31829e+06 568670 2659
1.2464e+06 601825 4077
1.30342e+06 574372 2947
1.75247e+06 618432 4829
1.28989e+06 591681 2459
1.67512e+06 571546 5007
1.63957e+06 603004 3693
1.26926e+06 605129 3321
1.6254e+06 575417 2305
1.77191e+06 607839 5041
1.89038e+06 587104 3735
1.89506e+06
93.8509
0
1
---STORE---
STR-1050
UrbanEase Islamabad #9
Islamabad
34.0362
73.1966
Saad Mirza
49
1050
147000
Marketing
29893.2
7
Ahmed
28
5500
56878.9
Nadia
42
5501
29974.4
Tariq
26
5502
57518.7
Hina
27
5503
29458.4
Rizwan
40
5504
55765.9
Sana
29
5505
48669.1
Kamran
37
5506
29724.4
2.2863e+06 949966 3945
2.16098e+06 937731 5448
2.10781e+06 1.01904e+06 6392
2.40854e+06 995957 4526
2.33906e+06 941392 4729
2.32013e+06 951000 4961
2.29342e+06 946186 4821
2.11227e+06 1.01785e+06 3757
2.45904e+06 1.00018e+06 7233
2.92201e+06 946833 9430
3.23977e+06 994167 5931
2.70245e+06 949173 7987
2.43801e+06 965659 5174
2.34447e+06 953812 3223
2.39959e+06 946364 6780
2.44624e+06 938164 4900
2.17518e+06 1.0097e+06 5523
2.63424e+06 967251 4189
2.08292e+06 925997 5742
2.37465e+06 1.00224e+06 7795
2.33065e+06 957210 4833
3.2695e+06 973381 8828
3.29499e+06 925596 9953
3.25988e+06 988260 5465
3.26998e+06
99.5477
1
1
---STORE---
STR-1051
UrbanEase Faisalabad #9
Faisalabad
31.0057
72.973
Rabia Khalid
41
1051
113286
Finance
30437.6
8
Ahmed
33
5510
47854.1
Nadia
25
5511
27168.3
Tariq
45
5512
44287.5
Hina
38
5513
40207.2
Rizwan
30
5514
45288.4
Sana
45
5515
39176.5
Kamran
30
5516
40051.3
Ayesha
30
5517
37485.6
486614 264456 1339
561016 273727 1028
566581 287318 1668
466894 265122 1547
508459 282859 656
573975 287520 1420
486056 266698 1172
606746 271961 1337
546528 276343 1442
871676 287648 1341
856275 287864 1188
666164 271256 2145
453749 285806 1242
452924 267916 958
637619 288119 2067
717853 277700 1420
530452 273534 1586
452316 272311 723
801187 286837 1703
522003 269590 1691
481562 274707 1443
754023 279109 956
709551 282428 923
859880 266105 2809
827413
91.8586
0
1
---STORE---
STR-1052
UrbanEase Rawalpindi #9
Rawalpindi
33.1932
73.1028
Imran Butt
31
1052
194913
Sales
25105.4
7
Ahmed
40
5520
54675.3
Nadia
25
5521
31584.1
Tariq
41
5522
41961.1
Hina
26
5523
27088.2
Rizwan
23
5524
46148.3
Sana
45
5525
49111.3
Kamran
21
5526
55555.4
1.0753e+06 540612 2996
1.13548e+06 536306 2256
1.24274e+06 536491 3250
1.24138e+06 534323 3640
1.16687e+06 527979 2835
1.09862e+06 537979 2885
1.17456e+06 551030 3301
1.09214e+06 571136 3429
1.19207e+06 545581 3818
1.62246e+06 540173 3137
1.53982e+06 554845 3267
1.72798e+06 558970 4474
1.33451e+06 532551 2085
1.09961e+06 549087 3640
1.05187e+06 535013 1885
1.16788e+06 567098 1887
1.36805e+06 537350 4319
1.24384e+06 533477 1811
1.11556e+06 552237 1676
1.43828e+06 559831 2468
1.194e+06 563623 3774
1.67034e+06 528779 5157
1.90382e+06 535369 4229
1.66398e+06 558193 4083
1.74287e+06
93.6087
1
1
---STORE---
STR-1053
UrbanEase Multan #9
Multan
30.681
71.7426
Sana Nadeem
39
1053
152680
Operations
30351
6
Ahmed
29
5530
33154.2
Nadia
23
5531
33335.8
Tariq
20
5532
27000.6
Hina
28
5533
29146.5
Rizwan
23
5534
43421.3
Sana
25
5535
49577
598144 261763 1118
597326 263485 1708
571143 262390 1608
580548 267548 1626
625207 260192 1672
659008 274885 1260
546748 275864 1657
589971 275948 1297
600091 265844 1380
782452 276256 2593
715938 277922 1470
1.02112e+06 257302 1511
651990 275034 2038
670351 271021 993
579242 268481 1346
556435 266917 1589
639238 263615 1335
625041 276895 878
548695 267073 737
719149 270616 2236
645882 264537 1684
1.06705e+06 280728 1375
684277 280034 1972
1.01948e+06 269401 2512
899814
81.5571
1
1
---STORE---
STR-1054
UrbanEase Karachi #10
Karachi
25.2394
66.6082
Danish Ali
44
1054
91063.6
Marketing
15827.8
8
Ahmed
30
5540
30463.6
Nadia
40
5541
32157.7
Tariq
25
5542
47795.3
Hina
41
5543
35231.8
Rizwan
20
5544
36089.5
Sana
40
5545
57071.1
Kamran
32
5546
41087.4
Ayesha
41
5547
36468.7
2.40578e+06 1.02955e+06 6885
2.20086e+06 1.07693e+06 6817
2.41077e+06 1.02755e+06 3041
2.50229e+06 1.09047e+06 6448
2.50407e+06 994290 5814
2.44927e+06 1.08002e+06 4630
2.22035e+06 1.05197e+06 3401
2.22274e+06 1.01716e+06 4635
2.44732e+06 1.02578e+06 6011
3.09592e+06 1.08418e+06 8581
3.59242e+06 1.05681e+06 5328
3.069e+06 1.03607e+06 6634
2.36905e+06 998416 4002
2.62831e+06 1.07773e+06 7949
2.69371e+06 1.04524e+06 8011
2.17082e+06 1.05926e+06 2733
2.22367e+06 1.01577e+06 6456
2.23896e+06 1.01516e+06 6562
2.21624e+06 1.0531e+06 5113
2.15503e+06 1.02366e+06 3335
2.65433e+06 1.02487e+06 8037
3.31778e+06 1.08227e+06 8694
3.07087e+06 1.0195e+06 4567
3.23975e+06 1.03836e+06 10504
3.17045e+06
96.7892
1
1
---STORE---
STR-1055
UrbanEase Lahore #10
Lahore
31.1299
74.0006
Mehwish Tariq
55
1055
124339
Finance
28695.6
5
Ahmed
38
5550
27893.6
Nadia
32
5551
38675.5
Tariq
23
5552
45585.3
Hina
21
5553
53101.9
Rizwan
30
5554
31871.4
1.83763e+06 790463 6022
1.83118e+06 808699 4037
1.88458e+06 847144 5697
2.10634e+06 775722 3694
1.92707e+06 777091 3200
1.74065e+06 850978 4292
1.95572e+06 850046 4505
1.95508e+06 826404 5386
1.88745e+06 777019 4516
2.23961e+06 821595 6229
2.58435e+06 828648 5300
2.58159e+06 839610 8369
2.08227e+06 793357 2933
2.02938e+06 796348 4110
2.17306e+06 839920 6111
2.07268e+06 783933 4367
1.8061e+06 781235 3337
2.0415e+06 837581 3885
1.92982e+06 799619 2877
2.32924e+06 803962 5314
1.83111e+06 798211 3027
2.73181e+06 837284 5725
2.2895e+06 820610 3114
2.79952e+06 776491 5497
2.64079e+06
91.3246
0
1
---STORE---
STR-1056
UrbanEase Islamabad #10
Islamabad
33.4742
73.302
Saad Mirza
38
1056
137504
Sales
22814.1
3
Ahmed
34
5560
47044.4
Nadia
25
5561
54833.4
Tariq
32
5562
40317.2
1.61247e+06 630191 5265
1.63378e+06 585802 2416
1.49034e+06 616455 2766
1.54855e+06 598643 2069
1.55916e+06 577731 3908
1.78218e+06 573817 4385
1.74222e+06 610329 2609
1.50547e+06 590711 2187
1.80134e+06 582379 4716
2.1381e+06 617641 5850
2.31803e+06 629189 4453
2.13129e+06 594168 6504
1.77015e+06 599187 5277
1.63602e+06 609151 3834
1.71972e+06 609412 4629
1.57745e+06 615063 4935
1.68216e+06 588946 5023
1.62794e+06 579137 5245
1.57721e+06 618373 5209
1.75283e+06 620765 5167
1.75921e+06 601541 4577
2.24363e+06 589755 4051
2.24478e+06 578387 6697
2.17525e+06 622681 6422
2.18703e+06
98.5363
1
1
---STORE---
STR-1057
UrbanEase Faisalabad #10
Faisalabad
31.8407
72.7425
Rabia Khalid
54
1057
176382
Operations
17783.4
3
Ahmed
43
5570
26306.3
Nadia
25
5571
33714
Tariq
24
5572
57229.2
916754 283087 2371
1.01848e+06 290550 2699
948113 292324 2126
1.05476e+06 278792 3084
935009 287428 1325
836617 292391 1565
915367 278015 1187
912001 301758 2532
983393 279679 2430
1.14719e+06 282138 1490
1.19619e+06 301663 2860
1.34368e+06 295676 3684
918796 295521 2971
1.09433e+06 279106 2742
946481 302660 1927
973339 302474 1537
1.13307e+06 303669 2832
917811 293845 1431
896545 279976 2021
1.02714e+06 279779 2829
1.241e+06 302735 1946
1.58219e+06 290974 3631
1.37293e+06 287084 4244
1.19881e+06 301476 1545
1.19296e+06
88.6808
1
1
---STORE---
STR-1058
UrbanEase Rawalpindi #10
Rawalpindi
33.7919
73.2141
Imran Butt
28
1058
123038
Marketing
27019.6
6
Ahmed
21
5580
32602
Nadia
34
5581
25419.8
Tariq
22
5582
27197.2
Hina
26
5583
49832.3
Rizwan
24
5584
33953.2
Sana
43
5585
55928.2
1.7766e+06 1.0255e+06 3709
1.72676e+06 1.01568e+06 4261
1.81918e+06 955622 4901
1.80263e+06 952372 3991
1.95896e+06 1.01882e+06 3408
1.69669e+06 1.02046e+06 3440
1.87741e+06 981685 6205
2.04467e+06 1.00961e+06 3462
1.74581e+06 1.03732e+06 3235
2.47075e+06 1.03085e+06 5227
2.45634e+06 1.03086e+06 8000
2.1511e+06 977356 2902
1.70075e+06 968294 3464
1.84916e+06 951915 4879
1.78208e+06 981324 2529
1.95794e+06 980060 3151
1.74213e+06 996025 2613
2.0769e+06 958908 4380
1.83909e+06 950059 3782
1.67346e+06 957190 4581
1.61299e+06 1.02355e+06 3661
2.33126e+06 1.01928e+06 3047
2.37651e+06 957920 4074
2.96523e+06 993421 4433
2.87465e+06
88.7091
0
1
---STORE---
STR-1059
UrbanEase Multan #10
Multan
29.8854
71.6255
Sana Nadeem
30
1059
147788
Finance
20049.1
6
Ahmed
27
5590
54631.5
Nadia
22
5591
25275.6
Tariq
29
5592
54924.2
Hina
31
5593
57606.3
Rizwan
30
5594
51178.2
Sana
25
5595
49239.5
2.28202e+06 823284 5198
2.36493e+06 815304 6056
2.2661e+06 850400 7160
2.33363e+06 841609 3804
2.43296e+06 829960 5837
2.16784e+06 776089 6639
2.07863e+06 799932 2834
2.15948e+06 793499 3458
2.11334e+06 812083 3933
3.03547e+06 819826 6169
2.94922e+06 786438 5490
2.76231e+06 809308 5753
2.02468e+06 809795 5782
2.14311e+06 812306 4141
2.21362e+06 777506 4744
2.01067e+06 812788 3131
2.45659e+06 806534 3980
1.99828e+06 851624 5091
2.03597e+06 783415 4685
2.27533e+06 776399 6122
2.34886e+06 836757 5185
2.7047e+06 822656 5083
3.54175e+06 847283 5028
2.7341e+06 792419 4699
3.00821e+06
87.0439
0
1
---STORE---
STR-1060
UrbanEase Karachi #11
Karachi
24.6746
66.7466
Danish Ali
46
1060
90990.3
Sales
31444.7
6
Ahmed
41
5600
34500.1
Nadia
38
5601
50755.2
Tariq
22
5602
44263
Hina
40
5603
43166
Rizwan
33
5604
35932.5
Sana
43
5605
29140.1
1.03925e+06 474540 3320
1.05842e+06 481651 2324
1.17756e+06 481313 3568
1.2328e+06 483743 3868
1.15758e+06 477960 3154
1.12594e+06 501815 2929
1.10253e+06 515879 3028
1.15295e+06 477519 2554
1.14294e+06 493342 2596
1.68388e+06 509132 3228
1.57761e+06 469237 2644
1.63815e+06 495842 2207
1.22024e+06 483999 2621
1.32884e+06 487805 1765
1.29197e+06 486861 2792
1.22317e+06 517034 2547
1.0283e+06 503300 2897
1.30407e+06 513706 2393
1.28048e+06 479832 3707
1.18106e+06 477163 2704
1.22726e+06 512052 2854
1.93154e+06 513920 4294
1.54224e+06 490340 3377
1.58621e+06 482338 2969
1.514e+06
89.6788
1
1
---STORE---
STR-1061
UrbanEase Lahore #11
Lahore
31.194
74.5301
Mehwish Tariq
49
1061
180037
Operations
44295.5
6
Ahmed
44
5610
58490.7
Nadia
33
5611
58359.3
Tariq
25
5612
37324.3
Hina
25
5613
26578.7
Rizwan
42
5614
27167.3
Sana
44
5615
25049.1
1.59127e+06 741030 3003
1.56293e+06 761164 2280
1.61688e+06 726375 4208
1.69385e+06 708569 4408
1.5641e+06 766800 2746
1.71594e+06 740471 2323
1.88881e+06 724604 4591
1.78243e+06 759826 4803
1.65524e+06 762631 3799
2.17074e+06 770886 5097
2.10826e+06 724220 5988
2.27064e+06 736322 5621
1.65725e+06 748535 2475
1.5489e+06 776604 5004
1.63452e+06 755561 2287
2.02007e+06 709084 3179
1.62127e+06 745751 5069
1.59348e+06 719435 4552
1.65915e+06 737457 5280
1.63751e+06 760798 2185
1.99363e+06 777678 5449
2.45554e+06 768027 6120
1.9592e+06 715198 3491
2.88762e+06 706950 3892
2.65016e+06
84.4162
0
1
---STORE---
STR-1062
UrbanEase Islamabad #11
Islamabad
33.8617
73.4866
Saad Mirza
52
1062
129535
Marketing
25573
5
Ahmed
22
5620
52242
Nadia
43
5621
54042.9
Tariq
25
5622
48010
Hina
20
5623
29445.6
Rizwan
42
5624
31455.9
2.88022e+06 1.2364e+06 5464
3.11641e+06 1.20436e+06 6858
3.18533e+06 1.25401e+06 6832
2.98731e+06 1.20748e+06 3905
3.23301e+06 1.25422e+06 10354
2.94095e+06 1.17206e+06 8696
2.77093e+06 1.25019e+06 7414
3.16649e+06 1.2071e+06 5092
3.27058e+06 1.18006e+06 5815
3.79733e+06 1.2248e+06 10016
3.99344e+06 1.23721e+06 5420
3.78075e+06 1.21944e+06 5907
3.34051e+06 1.25266e+06 9763
2.84362e+06 1.14975e+06 7788
3.41164e+06 1.18964e+06 8312
2.90995e+06 1.18224e+06 6068
3.30963e+06 1.16341e+06 7892
2.94862e+06 1.2661e+06 6449
2.6861e+06 1.23909e+06 5068
3.24716e+06 1.23127e+06 4889
3.18197e+06 1.17513e+06 4552
4.21336e+06 1.25929e+06 10115
4.00171e+06 1.21066e+06 6097
3.94075e+06 1.17961e+06 6560
3.91563e+06
97.1169
1
1
---STORE---
STR-1063
UrbanEase Faisalabad #11
Faisalabad
31.7435
72.6762
Rabia Khalid
39
1063
90583.8
Finance
22790.9
7
Ahmed
22
5630
47599.9
Nadia
23
5631
46500.7
Tariq
25
5632
55917.5
Hina
39
5633
55827.8
Rizwan
32
5634
44671
Sana
41
5635
49801.3
Kamran
34
5636
33712.9
2.78136e+06 1.2744e+06 5070
2.57251e+06 1.21611e+06 6436
2.77732e+06 1.21586e+06 3776
2.46974e+06 1.23232e+06 4853
2.48449e+06 1.19861e+06 6712
2.58982e+06 1.27476e+06 5006
2.85409e+06 1.27176e+06 5491
2.55379e+06 1.205e+06 4566
2.47606e+06 1.27523e+06 3691
3.35754e+06 1.21922e+06 4491
3.74415e+06 1.2711e+06 11489
3.38092e+06 1.29007e+06 11248
2.49972e+06 1.24914e+06 3751
2.72664e+06 1.25549e+06 7218
2.80355e+06 1.24936e+06 5439
2.85126e+06 1.2391e+06 4393
2.38036e+06 1.18369e+06 3774
2.84593e+06 1.21866e+06 8192
2.87845e+06 1.28321e+06 7902
3.03266e+06 1.25358e+06 6640
2.67195e+06 1.26085e+06 4944
3.74378e+06 1.18812e+06 9952
3.58203e+06 1.22793e+06 6714
3.65028e+06 1.22071e+06 10132
3.61195e+06
98.1879
1
1
---STORE---
STR-1064
UrbanEase Rawalpindi #11
Rawalpindi
33.1344
73.0555
Imran Butt
42
1064
145177
Sales
48576.6
6
Ahmed
25
5640
57215.3
Nadia
30
5641
35919.7
Tariq
22
5642
57600.9
Hina
44
5643
56997.4
Rizwan
44
5644
38496
Sana
42
5645
55838.5
766504 348188 1564
762749 338245 2136
803056 331769 2568
794478 335648 1914
937987 335272 2601
812812 333621 2101
844946 334965 2013
801937 340866 2361
933254 342864 2563
1.36419e+06 323101 2405
1.21831e+06 337478 3324
1.07653e+06 342291 1770
878659 325657 2726
910433 325852 2583
931405 348903 2601
1.03618e+06 325471 3028
940785 325583 1213
946765 343419 1868
1.09872e+06 340385 2463
824168 318432 1490
1.07052e+06 345550 1393
1.23116e+06 328949 1926
1.11124e+06 317167 2790
1.28075e+06 325466 4256
1.23251e+06
94.1079
0
1
---STORE---
STR-1065
UrbanEase Multan #11
Multan
30.057
71.8101
Sana Nadeem
42
1065
108877
Operations
27629.9
7
Ahmed
36
5650
57228.2
Nadia
36
5651
57979.1
Tariq
36
5652
52336
Hina
29
5653
59076.1
Rizwan
28
5654
59495.8
Sana
25
5655
59942.3
Kamran
28
5656
53245
1.3231e+06 531966 4179
1.31266e+06 560386 3463
1.36025e+06 533683 3464
1.3273e+06 575518 3538
1.2019e+06 578042 2315
1.26657e+06 570482 2763
1.22693e+06 525182 3390
1.1196e+06 568599 1487
1.12364e+06 550442 3018
1.78298e+06 543778 4749
1.6715e+06 527646 2489
1.60258e+06 559671 3701
1.40094e+06 540910 3585
1.39435e+06 533239 2336
1.43407e+06 567021 2247
1.13238e+06 527870 3131
1.4127e+06 546695 4206
1.44827e+06 558641 3106
1.15453e+06 529505 1993
1.48434e+06 558129 2070
1.134e+06 532212 3674
1.73258e+06 561827 3033
1.77744e+06 533399 5922
1.79285e+06 569882 4136
1.79776e+06
98.5537
0
1
---STORE---
STR-1066
UrbanEase Karachi #12
Karachi
25.2472
67.438
Danish Ali
52
1066
186823
Marketing
27338.2
2
Ahmed
25
5660
35935.7
Nadia
45
5661
36078.8
1.2962e+06 523481 3595
1.33668e+06 500676 3454
1.48825e+06 513340 2361
1.41786e+06 528394 3976
1.3745e+06 507283 3979
1.48818e+06 505260 3829
1.39389e+06 522375 4100
1.41162e+06 503277 2242
1.43562e+06 500204 4063
1.98171e+06 522332 5580
1.69038e+06 494544 3292
1.77912e+06 530900 5669
1.49188e+06 516547 2500
1.33939e+06 484929 1855
1.35014e+06 515871 2566
1.47105e+06 523332 4439
1.20914e+06 519098 1843
1.64669e+06 510538 2155
1.76097e+06 512498 2298
1.18726e+06 515430 2746
1.33026e+06 532585 2617
1.83303e+06 490109 3743
2.11791e+06 517245 3477
2.25275e+06 505300 2992
2.27776e+06
91.539
0
1
---STORE---
STR-1067
UrbanEase Lahore #12
Lahore
31.0755
74.4521
Mehwish Tariq
35
1067
131820
Finance
11878.7
8
Ahmed
42
5670
51050
Nadia
33
5671
29982.9
Tariq
26
5672
59068.6
Hina
32
5673
55137.8
Rizwan
36
5674
28893.4
Sana
40
5675
58248.2
Kamran
37
5676
57362.7
Ayesha
41
5677
54317.5
606490 183558 1030
621483 177499 876
539459 178209 1593
632050 193338 886
582634 177542 1834
587214 189243 1794
632637 186438 2087
669934 181479 1257
571923 194902 1462
715315 186654 1936
930876 193776 2366
678371 189412 2045
535797 184512 1366
689756 193476 1707
725991 189661 1123
556609 177510 1535
704309 192504 1252
748352 194894 940
787120 177743 2138
660228 183931 1780
556523 178965 1577
784121 193571 1613
832028 185188 2268
714971 183947 2200
742465
93.8163
1
1
---STORE---
STR-1068
UrbanEase Islamabad #12
Islamabad
33.8546
73.231
Saad Mirza
51
1068
100673
Sales
44831.4
4
Ahmed
34
5680
34835.5
Nadia
31
5681
53658.4
Tariq
23
5682
56592.6
Hina
41
5683
55489.2
2.03231e+06 696577 2777
2.41233e+06 659345 3243
2.15631e+06 700094 6152
2.30149e+06 676197 7373
2.05219e+06 706070 6073
2.38458e+06 687474 7444
2.20416e+06 677997 4818
2.34525e+06 673745 3572
2.37702e+06 647805 4103
2.9107e+06 664669 5853
2.88545e+06 692224 4623
3.05716e+06 667255 7369
2.46025e+06 681091 6954
2.61834e+06 699177 7782
2.27791e+06 644195 3389
2.49195e+06 667658 4124
2.39379e+06 694168 4485
2.19875e+06 680937 3180
2.49815e+06 642599 6007
2.01186e+06 670842 4893
2.48709e+06 673013 7992
2.96509e+06 704910 5651
2.70005e+06 641644 5529
2.8804e+06 644571 8063
2.80617e+06
96.1198
1
1
---STORE---
STR-1069
UrbanEase Faisalabad #12
Faisalabad
30.9582
72.7196
Rabia Khalid
39
1069
139376
Operations
25577.9
7
Ahmed
29
5690
59876.1
Nadia
22
5691
49692.4
Tariq
33
5692
48123.3
Hina
27
5693
39351.6
Rizwan
20
5694
39817.3
Sana
40
5695
25456.1
Kamran
29
5696
25245.7
1.07374e+06 487705 3330
1.21433e+06 489112 2484
1.08724e+06 530316 3240
1.12662e+06 485406 2232
1.07627e+06 527822 1691
1.14836e+06 501569 3596
1.23451e+06 515498 2701
1.07402e+06 508123 2727
1.0266e+06 529298 2781
1.38739e+06 532335 3885
1.46231e+06 495400 2604
1.47199e+06 504959 2156
1.28319e+06 483994 1717
1.16283e+06 497657 2494
1.16469e+06 533315 2405
1.23069e+06 484695 4008
1.15313e+06 513368 1671
1.28594e+06 503767 1694
1.16424e+06 517192 2697
1.01515e+06 508103 1804
1.26922e+06 494962 2508
1.45739e+06 520676 3423
1.94737e+06 523028 3779
2.08656e+06 504572 3869
2.14503e+06
85.2582
0
1
---STORE---
STR-1070
UrbanEase Rawalpindi #12
Rawalpindi
33.5975
72.72
Imran Butt
38
1070
148495
Marketing
15368.8
6
Ahmed
31
5700
33391.4
Nadia
39
5701
37581.7
Tariq
23
5702
50052.3
Hina
23
5703
37492
Rizwan
23
5704
37942.7
Sana
37
5705
48064.5
2.50514e+06 968804 5409
2.3284e+06 931418 7280
2.48676e+06 954562 7068
2.41062e+06 988780 5197
2.43557e+06 971088 3053
2.19411e+06 956803 4690
2.0866e+06 921313 3125
2.3213e+06 994696 6301
2.37859e+06 944764 3710
2.86702e+06 979509 3749
2.95669e+06 937581 7625
2.70816e+06 910329 8869
2.59701e+06 929876 4499
2.13326e+06 933604 2954
2.41839e+06 968375 4472
2.36163e+06 907155 3555
2.35933e+06 919855 3710
2.5739e+06 902430 7557
2.24834e+06 921357 3287
2.17425e+06 978550 3206
2.47208e+06 918930 4068
3.59295e+06 988336 7965
3.1024e+06 914057 6647
3.37795e+06 914724 9046
3.25027e+06
94.0207
1
1
---STORE---
STR-1071
UrbanEase Multan #12
Multan
30.4273
71.2464
Sana Nadeem
43
1071
155112
Finance
31359.3
7
Ahmed
21
5710
43771.6
Nadia
29
5711
32537.9
Tariq
31
5712
42813.5
Hina
30
5713
59954.1
Rizwan
32
5714
56369.4
Sana
27
5715
30484.9
Kamran
32
5716
27278.4
1.97824e+06 797207 3614
1.99284e+06 772787 4623
2.33744e+06 759943 3682
2.17317e+06 822758 3781
1.98257e+06 800692 2872
2.26884e+06 759162 3186
2.08754e+06 807936 4120
2.20172e+06 803123 3925
2.31813e+06 803752 5774
3.13238e+06 796882 4386
2.43135e+06 769435 7369
3.0364e+06 814550 7597
2.32453e+06 794152 5883
1.94874e+06 807480 3702
1.97847e+06 795125 3697
2.24565e+06 824746 6858
2.28459e+06 825922 6931
2.26761e+06 789089 5120
2.0491e+06 809140 2963
2.132e+06 788677 5830
2.56494e+06 760769 7547
2.71267e+06 779633 3600
2.895e+06 760673 3744
2.67279e+06 777370 3517
2.74021e+06
96.4955
1
1
---STORE---
STR-1072
UrbanEase Karachi #13
Karachi
24.3903
66.9858
Danish Ali
32
1072
195309
Sales
28557.7
8
Ahmed
41
5720
43526
Nadia
27
5721
58534.5
Tariq
34
5722
33807.9
Hina
29
5723
40639.8
Rizwan
24
5724
59452
Sana
24
5725
26986.8
Kamran
37
5726
49099.6
Ayesha
43
5727
58595.4
1.79266e+06 829672 3636
2.15051e+06 876113 4283
2.18179e+06 880883 4421
2.1112e+06 820660 3820
2.00788e+06 830857 2772
1.85551e+06 847726 4015
1.82234e+06 812078 4530
2.0734e+06 868575 6251
2.01078e+06 868133 3409
2.57767e+06 816567 5920
2.64042e+06 803511 7933
2.63667e+06 834614 7807
1.92033e+06 883693 3724
1.86603e+06 873637 4322
1.98149e+06 874843 3416
2.00988e+06 821280 5767
1.97962e+06 856416 2952
2.04715e+06 835513 3050
1.81468e+06 829860 5717
2.10979e+06 813672 5213
1.96429e+06 873799 3342
2.63834e+06 850930 3310
2.87891e+06 825903 8368
3.30205e+06 829315 5571
3.27163e+06
90.6674
0
1
---STORE---
STR-1073
UrbanEase Lahore #13
Lahore
31.4516
74.5604
Mehwish Tariq
50
1073
189453
Operations
44953.5
8
Ahmed
23
5730
44557.8
Nadia
42
5731
49658.2
Tariq
35
5732
53375.3
Hina
20
5733
48066.7
Rizwan
31
5734
58923.3
Sana
45
5735
47417.2
Kamran
31
5736
53167.1
Ayesha
38
5737
33819.7
2.64494e+06 797356 7020
2.28011e+06 812438 5129
2.42129e+06 813913 4318
2.39079e+06 770609 3704
2.60719e+06 824355 6246
2.32314e+06 761239 6813
2.22622e+06 835297 6156
2.59492e+06 757986 5989
2.67867e+06 802475 3485
3.12462e+06 768670 9467
3.05983e+06 805141 7230
3.5531e+06 776901 11264
2.28654e+06 764981 6607
2.59134e+06 816742 6866
2.29888e+06 829246 4065
2.70347e+06 787390 4753
2.47662e+06 807489 7848
2.36444e+06 799798 6093
2.71127e+06 759057 4833
2.75423e+06 818484 5722
2.65191e+06 800679 6335
3.32206e+06 806793 5062
3.59824e+06 816448 7159
3.04379e+06 793149 4617
3.18223e+06
93.1848
1
1
---STORE---
STR-1074
UrbanEase Islamabad #13
Islamabad
33.8234
73.2207
Saad Mirza
50
1074
121936
Marketing
22353.9
3
Ahmed
32
5740
32159.8
Nadia
28
5741
32457.8
Tariq
42
5742
53880.6
1.08717e+06 415487 3351
1.13619e+06 403929 2577
1.04214e+06 387267 3294
1.00516e+06 412527 1790
1.0751e+06 386061 3181
965886 391647 2976
1.1271e+06 405419 3429
1.1629e+06 385523 3174
1.0729e+06 378977 2204
1.38645e+06 391541 2238
1.4895e+06 401135 4827
1.42367e+06 400524 3427
1.10968e+06 409441 2072
1.05942e+06 398401 3101
1.0617e+06 410667 1403
1.08674e+06 409514 2875
1.35225e+06 413143 3875
1.02598e+06 400461 3362
989215 392576 1798
1.46024e+06 417294 3522
1.08875e+06 402654 2128
1.25516e+06 396591 2235
1.59445e+06 393723 4884
1.27516e+06 400307 1992
1.38492e+06
88.6944
0
1
---STORE---
STR-1075
UrbanEase Faisalabad #13
Faisalabad
31.4037
73.1521
Rabia Khalid
52
1075
146836
Finance
44374.8
2
Ahmed
37
5750
47535.8
Nadia
21
5751
45157
1.37792e+06 422520 2794
1.37156e+06 435852 1751
1.41527e+06 436459 3979
1.25669e+06 434549 2034
1.1812e+06 432201 2511
1.31746e+06 440669 3513
1.36709e+06 441683 4166
1.34048e+06 412304 2349
1.26169e+06 425396 2208
1.59016e+06 429574 3575
1.85304e+06 448532 3572
1.76511e+06 437311 5557
1.44078e+06 412543 3438
1.41602e+06 426841 1861
1.22916e+06 439233 2461
1.33819e+06 436997 2243
1.21965e+06 425550 2968
1.31146e+06 445916 3517
1.51617e+06 422427 2326
1.28653e+06 438206 2477
1.53334e+06 424566 3486
1.64566e+06 423626 2991
1.50838e+06 433068 4936
1.78893e+06 420751 3421
1.71929e+06
93.0482
0
1
---STORE---
STR-1076
UrbanEase Rawalpindi #13
Rawalpindi
33.6061
72.6653
Imran Butt
36
1076
82043.5
Sales
23358.6
5
Ahmed
26
5760
53872
Nadia
23
5761
36574.4
Tariq
43
5762
28391.4
Hina
45
5763
32758
Rizwan
21
5764
28910.5
1.40574e+06 614872 2848
1.53037e+06 603116 2281
1.37964e+06 618922 3371
1.33619e+06 583186 3999
1.53322e+06 632655 4791
1.4805e+06 585765 4477
1.44588e+06 595467 3996
1.39909e+06 618156 4458
1.41276e+06 589713 3640
2.28111e+06 602657 4350
2.11391e+06 593643 4363
1.96336e+06 632410 6050
1.34143e+06 587575 2511
1.50907e+06 588770 2893
1.47609e+06 598860 3225
1.73463e+06 579654 2414
1.41629e+06 598325 4401
1.71113e+06 591069 4653
1.64847e+06 594443 2072
1.63921e+06 592381 3256
1.57262e+06 607972 5161
2.41351e+06 586147 3614
2.51175e+06 587335 4178
2.4999e+06 582540 4081
2.51825e+06
98.2309
0
1
---STORE---
STR-1077
UrbanEase Multan #13
Multan
30.0931
71.3801
Sana Nadeem
30
1077
85233.3
Operations
35780.8
4
Ahmed
41
5770
43665.9
Nadia
26
5771
44408.2
Tariq
43
5772
54975.4
Hina
21
5773
51160
2.85035e+06 1.41413e+06 5396
2.54271e+06 1.4393e+06 8292
2.79171e+06 1.33643e+06 8531
2.5758e+06 1.4087e+06 3737
2.82886e+06 1.40503e+06 5273
3.07782e+06 1.3633e+06 5006
2.97674e+06 1.43142e+06 4533
3.03144e+06 1.43235e+06 8260
2.55372e+06 1.42352e+06 6656
3.383e+06 1.37171e+06 7489
3.79497e+06 1.36835e+06 12029
3.4181e+06 1.31822e+06 8989
3.02447e+06 1.39904e+06 6908
3.13597e+06 1.43933e+06 4220
2.56032e+06 1.31899e+06 3601
3.24811e+06 1.40912e+06 9861
2.77972e+06 1.42011e+06 6161
2.5584e+06 1.32704e+06 3260
2.60111e+06 1.34778e+06 6456
2.7961e+06 1.34138e+06 4481
3.01187e+06 1.4488e+06 4194
4.14713e+06 1.44869e+06 13240
3.96555e+06 1.40176e+06 10145
3.22843e+06 1.32624e+06 8944
3.32102e+06
89.4916
1
1
---STORE---
STR-1078
UrbanEase Karachi #14
Karachi
24.4162
67.0257
Danish Ali
31
1078
97593.3
Marketing
28726.2
8
Ahmed
34
5780
26884.2
Nadia
39
5781
59361.2
Tariq
42
5782
28403.1
Hina
40
5783
56919.5
Rizwan
35
5784
34505.4
Sana
40
5785
32323.2
Kamran
30
5786
27497.3
Ayesha
22
5787
47998.3
1.68222e+06 858791 3445
1.69407e+06 925342 5327
1.92332e+06 921192 4753
1.87078e+06 924643 3655
1.91704e+06 915393 4511
1.88075e+06 914753 2628
2.06399e+06 884283 3048
2.04523e+06 853843 4576
1.87673e+06 902765 2742
2.82395e+06 887217 4363
2.60484e+06 870368 4757
2.73538e+06 917393 5769
1.70407e+06 848427 3271
1.91155e+06 884536 4429
1.94707e+06 884365 3100
1.9034e+06 871165 5762
1.93065e+06 884125 5643
1.89883e+06 928771 5364
1.88285e+06 928948 5127
1.75604e+06 894968 2318
1.95038e+06 853625 5878
2.5321e+06 887786 6370
2.62607e+06 919246 8566
2.80606e+06 881883 4350
2.79172e+06
95.7184
0
1
---STORE---
STR-1079
UrbanEase Lahore #14
Lahore
31.1517
74.4406
Mehwish Tariq
35
1079
80776.4
Finance
28230.5
3
Ahmed
35
5790
49145.5
Nadia
31
5791
58856
Tariq
40
5792
45316.2
799259 407660 2521
852184 392086 1960
776521 376605 1078
899414 401740 2796
840851 384739 1532
908105 399841 1633
917199 392014 2680
793951 405660 2427
997292 404970 2041
1.09167e+06 380852 3286
1.19556e+06 373841 1981
996972 376965 3193
851771 383237 2748
906081 389976 1665
887937 383042 1600
808005 372788 1189
883267 374553 1619
844035 404421 2678
744712 389297 1671
833654 376935 1137
860448 399945 2830
1.08307e+06 390513 2606
1.6302e+06 391675 4811
1.18198e+06 390417 2106
1.34787e+06
81.6657
0
1
---STORE---
STR-1080
UrbanEase Islamabad #14
Islamabad
34.0966
73.5221
Saad Mirza
50
1080
102834
Sales
16341.7
8
Ahmed
26
5800
38990.6
Nadia
29
5801
57976.9
Tariq
22
5802
59315.3
Hina
41
5803
43646.7
Rizwan
25
5804
45448.6
Sana
22
5805
47189.7
Kamran
31
5806
29533.2
Ayesha
41
5807
58088
2.69799e+06 975356 6845
2.7754e+06 1.01683e+06 6896
2.57246e+06 1.04039e+06 4113
2.64743e+06 1.04611e+06 7837
2.37053e+06 1.01174e+06 4220
2.37769e+06 981093 5796
2.32823e+06 998113 5802
2.58169e+06 1.04355e+06 6644
2.65886e+06 977447 4994
3.65942e+06 1.00479e+06 9070
3.89611e+06 1.00178e+06 6332
3.41168e+06 988049 9192
2.60708e+06 1.02629e+06 3359
2.4973e+06 1.01096e+06 7735
2.51804e+06 1.0733e+06 3262
2.54938e+06 1.01415e+06 6724
2.7404e+06 1.01332e+06 7507
2.46905e+06 1.04558e+06 4562
2.51437e+06 1.06858e+06 7926
3.01657e+06 1.02522e+06 9859
2.77641e+06 983813 8726
3.88672e+06 1.05457e+06 6250
3.75508e+06 998229 4964
3.45385e+06 1.07313e+06 9514
3.48211e+06
95.1012
1
1
---STORE---
STR-1081
UrbanEase Faisalabad #14
Faisalabad
31.2079
73.3878
Rabia Khalid
51
1081
147011
Operations
17357.4
4
Ahmed
38
5810
32647.9
Nadia
22
5811
59964.8
Tariq
25
5812
35078
Hina
43
5813
57101
2.29081e+06 1.14148e+06 3960
1.92256e+06 1.12363e+06 4741
1.98745e+06 1.07356e+06 3403
2.18525e+06 1.04363e+06 5354
2.13718e+06 1.10554e+06 5480
2.02732e+06 1.14985e+06 4349
2.33125e+06 1.13507e+06 4308
2.12454e+06 1.05028e+06 5586
2.17608e+06 1.11498e+06 3701
2.71744e+06 1.11537e+06 3977
2.74359e+06 1.10388e+06 5104
2.92903e+06 1.14212e+06 8492
2.05964e+06 1.1474e+06 4612
2.06391e+06 1.14567e+06 4230
2.29881e+06 1.08716e+06 7070
2.18405e+06 1.13066e+06 6600
2.09914e+06 1.08276e+06 3961
2.56365e+06 1.06166e+06 4805
2.22162e+06 1.07389e+06 5413
1.99962e+06 1.08262e+06 2513
1.81952e+06 1.11904e+06 3934
2.47573e+06 1.14097e+06 5899
3.1565e+06 1.08058e+06 3994
2.72593e+06 1.09635e+06 7510
2.91115e+06
89.9085
0
1
---STORE---
STR-1082
UrbanEase Rawalpindi #14
Rawalpindi
33.5317
73.4547
Imran Butt
43
1082
155834
Marketing
14826.8
2
Ahmed
29
5820
26972.9
Nadia
41
5821
41793.4
2.05266e+06 844384 5846
2.26966e+06 872621 6959
2.40658e+06 829668 6511
2.25636e+06 850773 6373
2.35981e+06 807065 3682
2.32969e+06 868682 7481
2.15914e+06 871173 4288
2.24926e+06 806512 5959
2.01903e+06 839317 2918
3.05253e+06 820438 5233
3.19088e+06 869240 6746
2.92755e+06 819473 8194
2.29232e+06 846730 6869
2.43747e+06 880001 5904
2.06201e+06 850070 4094
2.40499e+06 830175 5942
2.25263e+06 873113 5598
2.26224e+06 843226 6177
2.28139e+06 846687 3929
1.99943e+06 882014 5371
2.34174e+06 820111 4369
2.98473e+06 837513 5285
2.82677e+06 850770 6965
3.21339e+06 826122 5369
3.12262e+06
94.7241
0
1
---STORE---
STR-1083
UrbanEase Multan #14
Multan
29.9837
71.9293
Sana Nadeem
36
1083
162795
Finance
33459
4
Ahmed
21
5830
51492.2
Nadia
34
5831
44084.6
Tariq
29
5832
41201.7
Hina
36
5833
38794.1
1.05463e+06 501094 2655
1.07147e+06 466941 1483
1.12854e+06 487750 1896
1.20839e+06 506402 2773
1.07198e+06 485278 2569
1.18434e+06 507517 2683
1.12255e+06 484773 2458
1.26751e+06 507366 2231
1.07851e+06 463243 2749
1.40908e+06 499354 3529
1.52408e+06 474864 3822
1.55735e+06 468236 2370
1.21897e+06 495909 2499
1.15378e+06 503067 3054
1.179e+06 467164 3701
1.335e+06 498505 3818
1.0741e+06 499350 2624
1.10863e+06 467314 3464
1.09926e+06 464978 1895
1.43956e+06 470181 3427
1.18812e+06 491839 3310
1.60339e+06 498295 4690
1.95187e+06 481169 5977
1.44675e+06 479952 3397
1.58902e+06
87.3383
1
1
---STORE---
STR-1084
UrbanEase Karachi #15
Karachi
24.9681
67.3792
Danish Ali
54
1084
195243
Sales
23126.6
5
Ahmed
25
5840
26296.7
Nadia
24
5841
56401.4
Tariq
36
5842
46079.9
Hina
38
5843
55212.6
Rizwan
31
5844
45695.4
2.86795e+06 1.09092e+06 7766
2.64617e+06 990890 7593
2.46662e+06 1.0498e+06 3992
2.86768e+06 998018 6524
2.5552e+06 1.05016e+06 8151
2.42811e+06 1.06172e+06 4598
2.47321e+06 1.02475e+06 6665
2.46658e+06 1.05668e+06 7427
2.81585e+06 1.06786e+06 6446
3.53707e+06 1.06445e+06 5923
3.37784e+06 1.0388e+06 9561
3.3258e+06 1.08354e+06 5408
2.57756e+06 1.04889e+06 6852
2.87062e+06 1.0833e+06 5707
2.7741e+06 1.0049e+06 8739
2.78181e+06 1.08064e+06 8010
2.65879e+06 1.01628e+06 5116
2.70921e+06 1.02209e+06 6592
2.81875e+06 1.08973e+06 5886
2.64647e+06 1.02307e+06 6519
2.5986e+06 1.00469e+06 7807
4.11529e+06 1.01923e+06 6486
3.65254e+06 1.00489e+06 6172
3.68673e+06 993577 8755
3.6039e+06
94.4857
1
1
---STORE---
STR-1085
UrbanEase Lahore #15
Lahore
31.8495
74.0203
Mehwish Tariq
33
1085
168963
Operations
40557.6
4
Ahmed
37
5850
49683.8
Nadia
33
5851
35513.8
Tariq
45
5852
28378.6
Hina
35
5853
36683.4
801453 451575 2118
812278 455699 2059
820236 480770 2080
859980 447442 1164
898386 457870 1485
802795 468037 2651
929923 467853 2700
959320 437744 2872
961407 472384 2425
1.16793e+06 450269 2162
1.20448e+06 469042 2655
1.05673e+06 473028 3314
848473 456043 1111
905806 438723 2473
728224 463428 1920
764880 435793 1204
944149 470663 1531
1.10948e+06 452490 2532
993304 442972 2479
919576 477747 1993
966186 469060 1228
1.18114e+06 472029 2242
1.375e+06 452152 4481
996869 444851 3199
1.0922e+06
86.9642
1
1
---STORE---
STR-1086
UrbanEase Islamabad #15
Islamabad
33.3374
72.8994
Saad Mirza
40
1086
100849
Marketing
22230.6
8
Ahmed
27
5860
54765
Nadia
34
5861
54626.1
Tariq
20
5862
49270.5
Hina
32
5863
45764.8
Rizwan
24
5864
31041.4
Sana
22
5865
46305.3
Kamran
27
5866
45360
Ayesha
21
5867
33000.4
853419 541731 1128
931620 505343 2928
975561 534330 2615
962841 540781 2618
1.04588e+06 511106 2860
1.01945e+06 539927 2951
944911 502982 1788
930375 493876 2650
987334 541566 2094
1.38441e+06 514889 1813
1.44507e+06 518334 3265
1.38752e+06 513132 3224
1.06165e+06 524469 2003
838973 509047 1654
896506 513967 2150
1.2528e+06 533366 2763
1.11735e+06 513378 1454
951461 522632 1593
1.02379e+06 541173 1968
971769 534329 2203
788761 522633 1714
1.2584e+06 503052 3873
1.22316e+06 509324 2390
1.69947e+06 496027 4541
1.61421e+06
84.4507
0
1
---STORE---
STR-1087
UrbanEase Faisalabad #15
Faisalabad
30.9605
72.7547
Rabia Khalid
54
1087
82574.5
Finance
18747.8
6
Ahmed
26
5870
26370.4
Nadia
33
5871
37623.4
Tariq
44
5872
59517.2
Hina
39
5873
29499
Rizwan
21
5874
37446.1
Sana
43
5875
56518.9
1.03272e+06 418696 2679
960775 445246 2529
1.12048e+06 448268 3279
1.11923e+06 439964 2105
1.10114e+06 429049 3640
1.14695e+06 437654 2942
969731 453983 2355
1.10455e+06 452790 3376
1.12841e+06 419653 1846
1.41385e+06 425586 2610
1.2948e+06 423770 2714
1.30482e+06 452036 3002
1.14722e+06 456144 2619
1.08536e+06 448546 2005
1.05342e+06 442729 2088
1.12241e+06 429618 3415
1.33036e+06 419233 1725
1.11447e+06 440253 3589
1.21371e+06 438954 3576
1.31038e+06 432710 1637
1.25171e+06 424084 2071
1.4611e+06 447765 2352
1.47659e+06 452713 1993
1.6001e+06 436474 4956
1.58209e+06
95.888
0
1
---STORE---
STR-1088
UrbanEase Rawalpindi #15
Rawalpindi
33.5087
73.1098
Imran Butt
52
1088
144558
Sales
41608.6
2
Ahmed
27
5880
52199.3
Nadia
37
5881
45287.3
1.98016e+06 1.00468e+06 3679
2.05201e+06 1.00561e+06 4349
1.85945e+06 979744 5079
1.88558e+06 1.01564e+06 4293
1.93349e+06 962378 3688
2.06064e+06 958152 5042
1.95459e+06 950742 4786
2.08236e+06 982567 5297
2.00994e+06 958493 5466
2.58573e+06 1.00408e+06 6447
2.20565e+06 991833 3776
2.578e+06 966918 7786
2.1003e+06 975944 5201
1.71338e+06 984585 2976
2.05291e+06 993570 6841
2.20541e+06 938340 5401
2.0459e+06 959564 4524
1.96259e+06 963219 4960
2.22379e+06 1.01271e+06 5043
2.01279e+06 943879 4352
2.2024e+06 939325 4641
2.75933e+06 973778 3801
2.14134e+06 936008 3454
2.98272e+06 925455 8202
2.73949e+06
86.4579
0
1
---STORE---
STR-1089
UrbanEase Multan #15
Multan
30.4702
71.7561
Sana Nadeem
42
1089
121156
Operations
24075.1
7
Ahmed
42
5890
25548
Nadia
24
5891
28092.3
Tariq
22
5892
45090.8
Hina
36
5893
26365.1
Rizwan
22
5894
45686.8
Sana
41
5895
43829.3
Kamran
34
5896
58318.7
1.69826e+06 862158 3934
1.46912e+06 867211 2794
1.51909e+06 852007 3797
1.73354e+06 819630 3884
1.68766e+06 846256 5229
1.54105e+06 867142 3343
1.66997e+06 865998 4229
1.78162e+06 863887 2728
1.74261e+06 814825 2233
2.1486e+06 836743 5406
2.08621e+06 839628 2782
2.39909e+06 873272 3365
1.69379e+06 863731 5560
1.65361e+06 858916 4744
1.82431e+06 845931 4296
1.60845e+06 831147 4018
1.75242e+06 805456 3256
1.51501e+06 815560 2535
1.69008e+06 840662 2729
1.71034e+06 801330 5110
1.43858e+06 818218 3413
2.36812e+06 851512 3086
2.12207e+06 873090 5102
2.5704e+06 839896 7944
2.45467e+06
92.2107
0
1
---STORE---
STR-1090
UrbanEase Karachi #16
Karachi
25.2125
66.9193
Danish Ali
37
1090
151289
Marketing
28379.5
4
Ahmed
29
5900
53125.4
Nadia
45
5901
58817.6
Tariq
36
5902
35402.7
Hina
20
5903
47110.7
2.33975e+06 1.4269e+06 5746
2.52375e+06 1.43635e+06 7440
2.51125e+06 1.41083e+06 5876
2.69146e+06 1.36895e+06 4648
2.60319e+06 1.43231e+06 7054
2.30645e+06 1.34183e+06 3971
2.38516e+06 1.40765e+06 7763
2.76203e+06 1.35005e+06 3947
2.37717e+06 1.34777e+06 3845
2.84411e+06 1.35817e+06 5024
3.22536e+06 1.36938e+06 4543
2.975e+06 1.38914e+06 5524
2.39003e+06 1.35704e+06 3991
2.60212e+06 1.42543e+06 5880
2.73126e+06 1.34944e+06 3877
2.87181e+06 1.44385e+06 4803
2.93809e+06 1.44065e+06 4271
2.47656e+06 1.35511e+06 6484
2.75759e+06 1.3219e+06 4100
2.31766e+06 1.32712e+06 4656
2.83063e+06 1.41454e+06 5658
3.48484e+06 1.40573e+06 7745
3.37105e+06 1.44235e+06 6462
2.8972e+06 1.45962e+06 5185
2.95721e+06
92.1726
1
1
---STORE---
STR-1091
UrbanEase Lahore #16
Lahore
31.5034
74.4986
Mehwish Tariq
37
1091
104713
Finance
49290.7
2
Ahmed
21
5910
48339
Nadia
33
5911
55819.3
2.09859e+06 1.0198e+06 3638
2.00101e+06 1.05416e+06 4731
2.16548e+06 984910 4663
2.288e+06 1.04719e+06 3570
2.12544e+06 966052 3163
2.41871e+06 1.01839e+06 3515
2.32223e+06 1.04286e+06 6161
2.42051e+06 1.00316e+06 5707
2.36976e+06 1.01688e+06 6573
3.10743e+06 1.00603e+06 4877
2.69127e+06 958725 5006
3.00214e+06 1.04602e+06 9430
2.17939e+06 977724 2869
2.31504e+06 1.02438e+06 5033
2.13332e+06 1.04691e+06 3277
2.51588e+06 976097 4110
2.1635e+06 977377 3877
2.49486e+06 1.04432e+06 7919
2.13081e+06 968617 3983
1.99788e+06 979252 2990
2.51976e+06 976122 4788
2.76544e+06 970271 6484
3.23288e+06 1.02471e+06 10594
2.88658e+06 1.02886e+06 8251
3.0222e+06
93.312
0
1
---STORE---
STR-1092
UrbanEase Islamabad #16
Islamabad
34.1905
72.7323
Saad Mirza
34
1092
190962
Sales
38810.7
8
Ahmed
43
5920
32847.7
Nadia
25
5921
25890.8
Tariq
36
5922
55416.6
Hina
41
5923
36494.3
Rizwan
22
5924
54765
Sana
30
5925
34573.8
Kamran
37
5926
51317
Ayesha
20
5927
38663.7
2.51251e+06 1.13616e+06 6335
2.40776e+06 1.13998e+06 4333
2.56641e+06 1.05945e+06 8542
2.85336e+06 1.09954e+06 6328
2.60546e+06 1.1067e+06 4057
2.79179e+06 1.14165e+06 7620
2.83378e+06 1.08707e+06 7557
2.49343e+06 1.09938e+06 5477
2.57245e+06 1.04751e+06 5913
3.18109e+06 1.10674e+06 6492
3.74666e+06 1.09597e+06 12092
3.29274e+06 1.05815e+06 5060
2.75245e+06 1.12435e+06 6868
2.87907e+06 1.08393e+06 9466
2.41757e+06 1.07258e+06 4288
2.92502e+06 1.05475e+06 8222
2.68008e+06 1.12092e+06 4502
2.85526e+06 1.10791e+06 5776
2.49568e+06 1.09158e+06 5597
2.80466e+06 1.07257e+06 5704
2.90084e+06 1.07605e+06 7510
3.69706e+06 1.06712e+06 5126
3.30984e+06 1.07255e+06 10798
3.47998e+06 1.08447e+06 6360
3.38709e+06
95.4667
1
1
---STORE---
STR-1093
UrbanEase Faisalabad #16
Faisalabad
31.0709
73.323
Rabia Khalid
30
1093
168765
Operations
45224.5
2
Ahmed
33
5930
39869.7
Nadia
30
5931
59708.4
1.14595e+06 415619 3730
1.11838e+06 409415 3083
1.03888e+06 429278 1862
1.05894e+06 411272 2415
1.08394e+06 404223 1852
1.11874e+06 420873 1729
1.02368e+06 435690 1585
1.19516e+06 436604 2756
1.1331e+06 417098 1998
1.6029e+06 416259 5260
1.60933e+06 422750 3906
1.54851e+06 421745 4964
1.10967e+06 420222 1810
1.0936e+06 429306 1636
1.03418e+06 400392 2715
1.26882e+06 428147 2368
1.34098e+06 437279 2692
1.07231e+06 400101 2187
1.21917e+06 433422 2480
1.16127e+06 436591 2970
1.23475e+06 415723 3429
1.62536e+06 423312 3161
1.7178e+06 404639 5038
1.47358e+06 418425 2825
1.52969e+06
93.7293
1
1
---STORE---
STR-1094
UrbanEase Rawalpindi #16
Rawalpindi
33.3449
72.7633
Imran Butt
38
1094
163825
Marketing
22128.1
3
Ahmed
34
5940
36197.4
Nadia
36
5941
52495.2
Tariq
32
5942
43111.5
2.93928e+06 1.06376e+06 4076
2.86521e+06 1.03554e+06 5759
2.55705e+06 1.0969e+06 6780
3.04546e+06 1.03863e+06 4339
2.58927e+06 1.03406e+06 8345
2.69087e+06 1.03516e+06 5190
2.80483e+06 1.05062e+06 4569
2.49177e+06 1.04014e+06 6427
2.70952e+06 1.04945e+06 8773
3.39917e+06 1.07048e+06 6864
3.63176e+06 1.0359e+06 7537
3.74678e+06 1.02896e+06 11196
2.48355e+06 1.08982e+06 3377
2.66875e+06 1.12033e+06 3842
2.47359e+06 1.1234e+06 3428
2.87717e+06 1.12388e+06 9426
3.06862e+06 1.04837e+06 8141
2.8092e+06 1.08951e+06 8111
2.58056e+06 1.03287e+06 6362
2.62065e+06 1.07384e+06 4012
2.86123e+06 1.0909e+06 5166
3.85448e+06 1.0634e+06 6442
3.46795e+06 1.12691e+06 8711
3.26985e+06 1.12937e+06 10575
3.23845e+06
93.1241
1
1
---STORE---
STR-1095
UrbanEase Multan #16
Multan
30.661
71.1636
Sana Nadeem
42
1095
191097
Finance
25242.2
4
Ahmed
32
5950
25243.5
Nadia
39
5951
26748.6
Tariq
32
5952
54797.1
Hina
36
5953
43642.4
1.93678e+06 574148 5386
1.90763e+06 567967 2941
1.95438e+06 569442 3366
1.72555e+06 562351 4882
1.95745e+06 581402 5083
1.90972e+06 539601 5828
1.79515e+06 558156 3986
1.98684e+06 558504 4934
2.02229e+06 558037 5035
2.53285e+06 555624 5869
2.40573e+06 561538 6231
2.43144e+06 580999 6913
1.79005e+06 572071 2249
2.03223e+06 539349 5117
1.97327e+06 585367 4568
1.92941e+06 578476 4078
1.77064e+06 582250 5673
1.99537e+06 545696 3464
1.9429e+06 589958 4909
1.92814e+06 545229 6117
1.84022e+06 581757 4746
2.80686e+06 574389 4997
2.04468e+06 561695 5949
2.19776e+06 550977 4473
2.04522e+06
85.99
1
1
---STORE---
STR-1096
UrbanEase Karachi #17
Karachi
24.5463
67.1413
Danish Ali
32
1096
86943.6
Sales
12964
6
Ahmed
23
5960
30465.7
Nadia
43
5961
54817.3
Tariq
28
5962
46193.1
Hina
23
5963
51957.9
Rizwan
29
5964
35786.2
Sana
33
5965
30936.8
2.28049e+06 1.33427e+06 4689
2.59948e+06 1.2906e+06 7417
2.62349e+06 1.30849e+06 7951
2.46403e+06 1.35307e+06 6891
2.25445e+06 1.23014e+06 3823
2.25479e+06 1.25432e+06 4855
2.69829e+06 1.24627e+06 3669
2.30207e+06 1.24762e+06 3324
2.29739e+06 1.34676e+06 2911
3.41637e+06 1.26407e+06 7409
3.59818e+06 1.22805e+06 6491
3.61688e+06 1.2602e+06 5762
2.28554e+06 1.29695e+06 3301
2.35225e+06 1.29836e+06 4985
2.34927e+06 1.28248e+06 5734
2.57875e+06 1.34712e+06 3422
2.67444e+06 1.29972e+06 6877
2.47218e+06 1.30082e+06 5022
2.61926e+06 1.31722e+06 5211
2.2739e+06 1.24216e+06 5083
2.27582e+06 1.28369e+06 5586
3.10474e+06 1.3506e+06 5331
3.5453e+06 1.29046e+06 10001
3.19349e+06 1.25684e+06 10217
3.32555e+06
94.2019
0
1
---STORE---
STR-1097
UrbanEase Lahore #17
Lahore
31.3399
74.2219
Mehwish Tariq
50
1097
195968
Operations
49853.5
4
Ahmed
23
5970
49310
Nadia
41
5971
52272
Tariq
25
5972
42591.3
Hina
30
5973
30514.8
2.58989e+06 1.34643e+06 4772
2.59904e+06 1.44349e+06 6642
2.54844e+06 1.43253e+06 7514
2.24326e+06 1.31747e+06 5910
2.52261e+06 1.38019e+06 3977
2.26237e+06 1.39266e+06 6408
2.44315e+06 1.31288e+06 6857
2.21825e+06 1.40343e+06 2784
2.12681e+06 1.43243e+06 3290
3.39678e+06 1.32325e+06 7314
2.91909e+06 1.31763e+06 8239
2.96868e+06 1.33742e+06 7699
2.29115e+06 1.38393e+06 4429
2.6621e+06 1.41974e+06 7969
2.63511e+06 1.3314e+06 8179
2.38127e+06 1.42594e+06 5633
2.35219e+06 1.41998e+06 3994
2.30216e+06 1.39592e+06 6112
2.82243e+06 1.37258e+06 9367
2.50426e+06 1.43994e+06 4704
2.85614e+06 1.30877e+06 8843
3.17343e+06 1.34029e+06 5921
2.97204e+06 1.36688e+06 8377
3.0517e+06 1.31357e+06 7956
3.00486e+06
97.2988
1
1
---STORE---
STR-1098
UrbanEase Islamabad #17
Islamabad
33.2354
73.035
Saad Mirza
30
1098
121453
Marketing
21882.7
5
Ahmed
35
5980
37969.5
Nadia
33
5981
44326
Tariq
35
5982
35942.1
Hina
35
5983
59883.6
Rizwan
20
5984
27628.7
1.47541e+06 753397 2938
1.29838e+06 787283 3968
1.41018e+06 750117 4593
1.28351e+06 734158 1734
1.25127e+06 758269 2339
1.35396e+06 778174 2877
1.41536e+06 789630 3758
1.21897e+06 797102 3289
1.363e+06 765201 3931
1.87059e+06 780390 3829
1.68863e+06 779193 5308
1.86973e+06 754206 3032
1.26153e+06 759279 3030
1.48951e+06 789585 2756
1.44881e+06 777398 4257
1.47844e+06 801710 3560
1.47851e+06 753046 3321
1.62598e+06 800424 5069
1.44109e+06 795505 4320
1.40163e+06 770973 2996
1.52966e+06 744805 2555
2.03874e+06 753507 4460
2.08199e+06 751223 4932
1.80939e+06 782270 2347
1.86203e+06
93.9486
1
1
---STORE---
STR-1099
UrbanEase Faisalabad #17
Faisalabad
31.1211
72.643
Rabia Khalid
36
1099
124533
Finance
33540.8
4
Ahmed
42
5990
29366.6
Nadia
28
5991
48151
Tariq
22
5992
31010.5
Hina
29
5993
41405.7
2.37792e+06 1.25302e+06 3267
2.27462e+06 1.13986e+06 3327
2.54745e+06 1.21274e+06 7892
2.1515e+06 1.20243e+06 5985
2.24855e+06 1.25111e+06 4322
2.38165e+06 1.21825e+06 4156
2.27928e+06 1.1934e+06 6771
2.35648e+06 1.1526e+06 6437
2.54834e+06 1.23015e+06 7966
2.70797e+06 1.23057e+06 4527
2.80219e+06 1.2125e+06 7242
3.07582e+06 1.21324e+06 5259
2.23801e+06 1.19325e+06 6930
2.3823e+06 1.17852e+06 5597
2.09081e+06 1.1446e+06 5997
2.54242e+06 1.24452e+06 4429
2.47804e+06 1.16927e+06 7928
2.31587e+06 1.24785e+06 4884
2.2767e+06 1.14164e+06 3989
2.42436e+06 1.15459e+06 3199
2.12153e+06 1.17527e+06 4017
3.21375e+06 1.25631e+06 10141
3.0023e+06 1.2445e+06 8458
2.92359e+06 1.17224e+06 9212
2.90147e+06
95.9785
1
1
---STORE---
STR-1100
UrbanEase Rawalpindi #17
Rawalpindi
33.2645
72.6158
Imran Butt
52
1100
150641
Sales
36632.9
8
Ahmed
42
6000
41321.3
Nadia
25
6001
31081
Tariq
35
6002
30669.7
Hina
38
6003
49464.9
Rizwan
26
6004
52105.3
Sana
37
6005
51249.7
Kamran
41
6006
32649
Ayesha
37
6007
53291
692115 371264 1015
586380 361049 1235
611643 371673 1324
624298 374634 1094
648460 377546 982
709364 362268 1724
611522 373635 1827
681185 376036 2047
646830 354284 843
783829 359254 1766
935873 350427 1468
933566 353976 2498
553685 358239 1689
589198 374876 1607
777122 348095 2102
705674 380852 1812
817370 379305 2446
659924 373703 1570
652013 351489 1929
674268 357839 1310
555804 357464 1529
900079 367830 1937
990177 359345 2275
844230 360305 2177
883571
93.4035
1
1
---STORE---
STR-1101
UrbanEase Multan #17
Multan
29.7669
71.2128
Sana Nadeem
53
1101
116780
Operations
40489.2
4
Ahmed
32
6010
38675.5
Nadia
29
6011
39164.7
Tariq
39
6012
52953.4
Hina
26
6013
47754.8
753127 352267 2137
759435 371525 2448
776858 370396 1493
852812 343299 1500
879231 355730 2673
862951 342137 1920
735551 355382 961
769707 355329 2347
798690 344803 1129
1.15117e+06 357852 2033
1.16345e+06 351667 2397
1.14138e+06 366591 3418
947042 342473 1705
723570 368363 1977
760789 361408 2484
956790 363374 2108
969387 351643 3194
943829 344628 1347
673880 337073 1528
891450 363481 1878
1.00265e+06 367029 1415
1.18759e+06 367959 1725
1.00477e+06 369607 2749
1.3228e+06 367103 4269
1.23933e+06
88.8779
0
1
---STORE---
STR-1102
UrbanEase Karachi #18
Karachi
24.3676
66.8394
Danish Ali
37
1102
99197.4
Marketing
34621.1
6
Ahmed
25
6020
56034
Nadia
24
6021
35487.1
Tariq
23
6022
28748.1
Hina
43
6023
26852.2
Rizwan
30
6024
40534.1
Sana
29
6025
52748.3
2.53766e+06 903470 7147
2.29048e+06 874512 3657
2.23043e+06 887886 4516
2.32532e+06 880004 7041
2.29755e+06 893022 2873
2.56889e+06 879212 7911
2.12059e+06 855506 3771
2.41766e+06 841105 7757
2.5436e+06 843857 8250
3.04282e+06 878399 8668
3.04843e+06 874204 4148
2.98116e+06 856894 4857
2.2801e+06 859423 3605
2.50208e+06 845192 7881
2.32406e+06 866667 5603
2.3541e+06 860207 6362
2.44385e+06 905099 4449
2.43225e+06 858128 7841
2.29023e+06 867730 4987
2.24587e+06 896594 3650
2.67946e+06 844393 4330
3.3417e+06 864677 7725
2.70947e+06 889745 6122
3.46012e+06 918575 9159
3.22964e+06
89.6066
0
1
---STORE---
STR-1103
UrbanEase Lahore #18
Lahore
31.8594
73.9651
Mehwish Tariq
44
1103
197250
Finance
27173.4
3
Ahmed
21
6030
27170.5
Nadia
30
6031
29604.8
Tariq
39
6032
41588.3
2.05408e+06 1.28696e+06 3941
2.11604e+06 1.24412e+06 4382
2.20403e+06 1.23841e+06 5108
1.98909e+06 1.28771e+06 5750
2.11402e+06 1.26026e+06 4554
2.06552e+06 1.28667e+06 3255
2.25156e+06 1.21908e+06 4861
2.03789e+06 1.27297e+06 4840
2.14992e+06 1.28494e+06 7134
2.80975e+06 1.25703e+06 7265
2.77585e+06 1.21972e+06 4567
3.12016e+06 1.19689e+06 6076
2.10581e+06 1.31341e+06 5794
2.11502e+06 1.29953e+06 5194
1.96941e+06 1.25359e+06 5608
2.42357e+06 1.25426e+06 7697
2.03477e+06 1.21298e+06 2738
2.10348e+06 1.27927e+06 3870
2.26953e+06 1.25097e+06 6114
2.02915e+06 1.26598e+06 6643
2.33094e+06 1.22481e+06 5453
2.90959e+06 1.28553e+06 5757
2.86027e+06 1.24396e+06 5814
2.65956e+06 1.25315e+06 8239
2.68479e+06
96.1516
1
1
---STORE---
STR-1104
UrbanEase Islamabad #18
Islamabad
33.751
72.5795
Saad Mirza
45
1104
137039
Sales
49647.2
4
Ahmed
29
6040
26214.5
Nadia
32
6041
33880.6
Tariq
22
6042
44255.5
Hina
21
6043
28564.4
1.91863e+06 762006 4983
2.00497e+06 780911 4136
1.91759e+06 747503 5238
2.05629e+06 783074 3966
2.27245e+06 757418 6977
2.03591e+06 785379 3627
2.14566e+06 790602 3260
2.18546e+06 796382 3069
2.12043e+06 745717 4292
2.77248e+06 766620 5698
2.64855e+06 768399 8532
2.70195e+06 727456 7741
2.12873e+06 751880 6776
2.35737e+06 739047 5066
2.47068e+06 797738 4456
2.11852e+06 728087 7052
2.04149e+06 794556 6691
2.18587e+06 742741 6892
2.13381e+06 748866 6674
2.25835e+06 789358 4984
2.28418e+06 747587 5399
2.96829e+06 735536 7806
3.01706e+06 748950 8982
2.99491e+06 761657 7026
3.00673e+06
99.3339
0
1
---STORE---
STR-1105
UrbanEase Faisalabad #18
Faisalabad
31.4891
73.048
Rabia Khalid
37
1105
193023
Operations
44912
7
Ahmed
37
6050
33003.6
Nadia
32
6051
52571
Tariq
20
6052
25341.8
Hina
44
6053
30233.9
Rizwan
23
6054
42896.8
Sana
45
6055
31662
Kamran
38
6056
42596.7
2.24218e+06 803128 5304
2.04308e+06 745226 4944
2.10086e+06 752728 4451
2.41621e+06 808979 4421
2.00521e+06 757198 4544
2.46391e+06 755286 6968
2.3093e+06 757110 5208
2.15928e+06 752595 4017
1.97344e+06 738874 3364
2.88826e+06 759516 3967
2.98805e+06 753236 4467
3.03577e+06 758857 8937
2.39725e+06 744583 6936
2.32598e+06 764985 4675
2.35625e+06 795766 3508
2.20046e+06 742167 7154
2.27282e+06 762159 4556
2.43225e+06 815953 5099
2.35212e+06 756230 6853
2.46644e+06 757488 5190
2.16428e+06 755447 3124
3.30993e+06 741985 8756
3.44963e+06 752360 9041
3.15906e+06 802364 4198
3.23077e+06
96.4112
1
1
---STORE---
STR-1106
UrbanEase Rawalpindi #18
Rawalpindi
33.9292
73.2589
Imran Butt
40
1106
174141
Marketing
12169.3
5
Ahmed
20
6060
59582.4
Nadia
30
6061
48150
Tariq
35
6062
54551.4
Hina
24
6063
58497.1
Rizwan
42
6064
40421.9
1.75628e+06 770585 4637
1.60416e+06 813835 4982
1.54761e+06 806387 3057
1.70396e+06 811011 2896
1.52777e+06 827666 2786
1.60981e+06 837649 4887
1.51372e+06 800785 3740
1.46595e+06 789074 3801
1.62993e+06 837203 5323
2.20668e+06 782215 5613
1.94773e+06 809590 4176
2.10398e+06 768239 4395
1.50485e+06 813013 2399
1.68813e+06 809950 3987
1.64524e+06 819997 3865
1.41305e+06 816836 4256
1.84784e+06 834879 5046
1.75864e+06 774408 5545
1.6394e+06 821298 2070
1.5043e+06 825249 2699
1.62843e+06 800242 3343
2.191e+06 830255 4970
2.13164e+06 785847 6490
2.19294e+06 797580 2903
2.17283e+06
98.6901
0
1
---STORE---
STR-1107
UrbanEase Multan #18
Multan
29.7914
71.3609
Sana Nadeem
37
1107
180744
Finance
44091.6
5
Ahmed
37
6070
35131.4
Nadia
40
6071
54049.3
Tariq
40
6072
36271.1
Hina
40
6073
47323.2
Rizwan
21
6074
46318.1
2.53997e+06 1.30836e+06 6172
2.32057e+06 1.32225e+06 7470
2.48714e+06 1.33573e+06 5007
2.37237e+06 1.32565e+06 3326
2.58141e+06 1.27267e+06 5770
2.40602e+06 1.34063e+06 5123
2.59937e+06 1.31842e+06 4146
2.78913e+06 1.3202e+06 7814
2.6609e+06 1.36453e+06 5345
3.60352e+06 1.32027e+06 10591
3.1854e+06 1.30936e+06 10237
3.83796e+06 1.29841e+06 5948
2.54721e+06 1.28635e+06 6436
2.64329e+06 1.269e+06 6364
2.72096e+06 1.25588e+06 4924
2.72278e+06 1.29652e+06 7401
2.5063e+06 1.36927e+06 4556
2.82621e+06 1.32555e+06 8714
2.49676e+06 1.269e+06 6183
2.92554e+06 1.24711e+06 8481
2.94418e+06 1.2881e+06 4907
3.28129e+06 1.32376e+06 6157
3.95931e+06 1.29228e+06 11791
3.54296e+06 1.34907e+06 8938
3.72535e+06
92.2329
0
1
---STORE---
STR-1108
UrbanEase Karachi #19
Karachi
24.5992
66.8557
Danish Ali
44
1108
125818
Sales
43885.3
2
Ahmed
27
6080
56034
Nadia
39
6081
42315.7
1.18699e+06 640699 1520
1.29237e+06 592652 2677
1.16845e+06 634718 1821
1.22443e+06 626539 1753
1.18265e+06 625205 2750
1.26596e+06 610409 1595
1.13913e+06 641272 2512
1.0912e+06 620915 3342
1.2545e+06 588293 2510
1.50499e+06 623463 2929
1.70949e+06 596271 4593
1.4009e+06 613362 3200
1.33933e+06 585282 2091
1.14199e+06 609654 3444
1.30081e+06 615482 3713
1.01133e+06 639237 2120
1.17397e+06 608230 1978
1.12241e+06 624945 2649
1.43629e+06 599626 4063
1.24772e+06 617045 4064
1.12083e+06 640060 1420
1.83999e+06 628328 5044
1.87989e+06 619741 2570
1.74818e+06 591674 5118
1.77678e+06
96.9747
1
1
---STORE---
STR-1109
UrbanEase Lahore #19
Lahore
31.9389
74.5574
Mehwish Tariq
38
1109
96644.8
Operations
30270.4
3
Ahmed
36
6090
51435.6
Nadia
32
6091
57407.6
Tariq
27
6092
42774
3.03848e+06 1.43781e+06 7375
2.79573e+06 1.48317e+06 3781
2.93135e+06 1.48625e+06 4891
2.80335e+06 1.49494e+06 9157
3.09544e+06 1.49939e+06 6090
2.70887e+06 1.55696e+06 5051
2.74547e+06 1.53844e+06 5657
3.1079e+06 1.54514e+06 8823
3.19525e+06 1.4341e+06 7896
4.00878e+06 1.49615e+06 5965
3.37249e+06 1.53738e+06 8896
3.58937e+06 1.4293e+06 7521
3.15684e+06 1.56703e+06 6887
2.57484e+06 1.47514e+06 6631
3.21589e+06 1.4289e+06 7371
2.81787e+06 1.46654e+06 3808
3.08802e+06 1.44759e+06 4468
2.82846e+06 1.51721e+06 5170
3.09445e+06 1.43263e+06 8632
2.87166e+06 1.46202e+06 6050
2.97146e+06 1.5202e+06 5122
3.77698e+06 1.51704e+06 7425
3.80676e+06 1.5485e+06 6497
4.08068e+06 1.56522e+06 8377
4.03999e+06
96.4844
0
1
---STORE---
STR-1110
UrbanEase Islamabad #19
Islamabad
33.852
73.3025
Saad Mirza
51
1110
110997
Marketing
36178.8
6
Ahmed
40
6100
47087.2
Nadia
45
6101
44604.8
Tariq
24
6102
56574.4
Hina
33
6103
55961.3
Rizwan
32
6104
46283.9
Sana
22
6105
49289.7
1.56498e+06 518004 3471
1.43686e+06 521327 4366
1.58459e+06 491076 2057
1.70098e+06 493925 3944
1.52881e+06 515902 4760
1.68843e+06 517384 3435
1.70793e+06 493240 4870
1.77494e+06 502419 4566
1.61447e+06 507143 2288
2.01847e+06 486862 3416
2.2429e+06 520828 5154
2.1924e+06 508808 6362
1.55449e+06 492776 3293
1.73097e+06 481230 5199
1.4717e+06 478431 3573
1.63954e+06 492934 5265
1.58858e+06 516278 3280
1.62894e+06 510310 2497
1.71331e+06 497806 2600
1.48501e+06 478607 4131
1.727e+06 514215 4611
2.24717e+06 481697 6605
2.125e+06 496254 6751
2.22976e+06 516446 4924
2.19193e+06
97.548
1
1
---STORE---
STR-1111
UrbanEase Faisalabad #19
Faisalabad
31.4358
73.3538
Rabia Khalid
46
1111
193946
Finance
23478.2
8
Ahmed
20
6110
36198.5
Nadia
32
6111
36351.2
Tariq
20
6112
35463.6
Hina
22
6113
28533.4
Rizwan
40
6114
28856
Sana
37
6115
59681.7
Kamran
45
6116
31247.6
Ayesha
24
6117
58467.2
1.42801e+06 596954 4737
1.55651e+06 587421 3792
1.39465e+06 602616 4052
1.42851e+06 602976 2492
1.62131e+06 623091 5007
1.61473e+06 626532 2080
1.5131e+06 599599 3545
1.52274e+06 640865 3537
1.62408e+06 589079 4063
2.03928e+06 623898 6783
2.03895e+06 590885 3456
2.1373e+06 614874 5167
1.68922e+06 621567 3416
1.57346e+06 642575 2060
1.37579e+06 626411 3539
1.57535e+06 603231 4709
1.73543e+06 626197 5476
1.46633e+06 584709 4871
1.47331e+06 603466 4886
1.56333e+06 628170 2837
1.57578e+06 585563 5008
1.98293e+06 634586 2531
2.11718e+06 611515 6264
2.10255e+06 637740 6059
2.12737e+06
97.0914
0
1
---STORE---
STR-1112
UrbanEase Rawalpindi #19
Rawalpindi
33.8688
72.9202
Imran Butt
40
1112
82735.7
Sales
23450.1
4
Ahmed
30
6120
55236.1
Nadia
41
6121
59180.7
Tariq
44
6122
34612.3
Hina
40
6123
41363
1.65435e+06 580756 3938
1.55569e+06 602406 3816
1.52995e+06 592245 2240
1.59512e+06 599782 4052
1.42773e+06 618110 3299
1.45926e+06 590459 1868
1.77415e+06 611815 3211
1.63112e+06 594424 2710
1.56294e+06 610833 2642
2.00363e+06 618905 5625
2.14752e+06 577242 3581
2.06504e+06 624955 3026
1.66037e+06 587115 3740
1.75046e+06 582606 3549
1.65133e+06 600357 4063
1.46113e+06 596728 2154
1.72261e+06 591969 3385
1.8185e+06 614387 2330
1.4587e+06 576373 3459
1.62633e+06 615265 2998
1.67852e+06 606804 3048
1.96235e+06 628288 3319
2.00418e+06 615267 3323
1.95165e+06 625039 4765
1.96738e+06
98.851
1
1
